346
10855
4563
4059
2219
3852
10115
4527
7646
12500
9703
2383
14091
7502
13051
2908
5894
3379
7853
8378
11886
14269
12109
12610
479
2453
8015
10940
6376
8204
3390
4387
6547
8362
13409
6578
13036
4647
6586
14727
14702
12034
2631
3118
10865
10600
2138
6888
10596
1016
1784
6938
7121
1089
4708
14046
5501
8656
13227
5570
1747
4540
7767
2674
13663
3198
10656
5707
13386
1968
4644
13384
4468
12565
5923
8772
7994
5621
10488
14125
11394
5763
4934
84
5231
2972
2693
1076
8546
8375
8391
6725
3036
8624
14170
6573
12430
8686
7284
10095
13402
7532
914
14356
9294
1078
4265
585
1107
7417
7639
13184
8823
12544
3996
8949
10
2986
5051
13784
6408
5204
13471
2073
11768
9544
3662
6595
8600
14777
2281
8652
2069
4793
2013
6949
8217
6203
13259
1662
13582
9910
5884
14438
9425
11754
7386
2384
12902
1948
10947
2310
13114
3845
11741
9292
8524
244
8300
10698
7635
3224
11155
44
8091
4520
11815
14659
14158
4236
11247
4009
1285
14061
9017
9241
11434
4688
23
12504
10242
2802
4786
5213
7568
14051
12914
5568
12278
4993
9270
6054
6151
4041
12819
14980
5077
7163
4730
5241
13843
14668
8169
13488
10404
7683
8501
9557
12186
10733
12138
7612
722
9530
14278
7168
13562
12613
4753
9398
13939
5083
10741
8715
1241
4607
11904
2329
3458
3454
3826
2062
1257
5933
8078
1813
6206
4709
7462
11474
1274
12664
14403
14443
13188
7348
13654
9541
7684
14400
1914
7574
14342
5006
6556
7048
7276
3875
12490
12649
9825
12863
10665
5235
5019
11727
12197
3266
9116
8466
5052
6992
5233
9358
13517
8278
9273
7787
1216
4299
9257
140
7286
14828
7750
4286
11374
12088
247
2582
5269
2697
12192
14330
4447
4358
5164
3327
4541
13642
4086
3426
12394
13751
7375
12894
13979
6286
12751
1167
7122
6853
9990
8410
5938
188
14546
11978
694
13794
1865
6418
7068
12763
3117
4608
12453
1128
5958
13830
10377
8564
11270
2058
14105
610
9529
6429
10904
10285
8293
4297
12719
14151
12580
10551
1891
12315
11594
8977
13945
1579
4987
7180
10787
12916
3972
10548
2261
10152
7534
6051
10415
6417
9069
4267
6921
9761
12715
5508
1661
1707
10305
11456
13238
5990
12323
91
6583
4850
11044
13441
2167
10316
4160
7817
2567
608
4909
2847
9175
10418
7268
10905
6475
10958
10674
12510
13303
5911
3323
14755
4888
12089
3370
13766
3930
2476
9853
6512
4620
10699
12975
8471
13948
1398
6916
530
3062
6336
14326
12031
13075
10475
14807
7657
8402
13568
13837
4474
12993
9306
1323
8785
6554
4832
11599
14541
8824
13704
6592
8777
2201
10121
10619
1765
3814
11724
5900
3361
12648
5336
6193
11077
2435
9033
5741
14133
3811
7597
6613
11029
13399
14154
14479
10111
12568
230
520
1836
8372
2790
13429
5323
13473
14101
6829
14637
5348
8508
12686
4270
949
36
2368
6929
337
9914
2511
3877
7875
11013
9244
10010
7528
2206
13559
7191
10295
14353
8087
10195
2296
12651
14196
3324
7131
11569
1633
5746
8116
1487
1909
10874
1276
11418
6805
3976
4269
5470
10688
1741
14123
14408
362
1393
13598
3650
10999
3320
12224
1227
438
5770
6428
13824
13648
7757
7070
4979
4412
2444
10842
3215
3499
5172
8129
12231
14678
9522
12135
455
1553
8756
872
11710
1832
11787
321
7356
8108
1157
7666
4171
13270
6508
9927
13245
1684
6869
2356
12188
12356
4246
9420
14232
5982
12628
1363
972
4408
10710
1032
11182
8786
1937
5029
2209
9697
13404
767
10346
3968
12292
13357
8024
9633
13460
7535
14681
12612
6176
8354
8975
6452
9690
8482
10489
14135
1805
6267
1808
10357
7752
5847
3183
6229
6175
14664
5598
3678
4368
13093
5353
8492
6934
1767
7029
1754
5661
14666
3885
561
2091
2579
5559
9770
10900
1391
12639
3439
13992
9908
816
13254
9117
3590
12486
7563
6969
6907
7222
5758
13137
12187
3081
507
2398
12787
10024
5876
5749
7946
12577
3855
3122
3137
2458
6409
5745
9444
11598
4604
5695
5297
7680
3774
8416
1158
14644
13232
1840
10154
179
4925
7317
14906
3484
14225
9191
7636
6220
9048
12859
1321
6729
3261
12225
7248
13875
11045
8450
11759
1350
7493
471
4389
8989
8506
7384
13968
3572
5548
2161
7818
13215
4320
14963
4580
8547
2846
12775
20
4212
8286
6899
11321
138
13503
2966
8691
9615
774
13831
8634
7244
11763
4409
3579
3038
938
8535
3012
2150
14889
9437
5579
2311
10724
8272
12760
5183
1527
2570
2842
852
2088
7585
5264
2468
14247
14533
13842
13752
6812
6786
3560
4891
697
8332
7008
6117
577
8265
462
6368
13867
3631
4323
3223
8392
9864
10679
617
13849
6901
8578
3374
3119
14721
7459
14743
10364
11635
11389
10669
12020
9901
11188
4268
5275
9455
11729
13423
3237
5182
122
9168
235
8648
11570
2973
12666
8408
10249
12398
10728
8780
14126
3337
12046
2226
1176
2385
7251
254
2193
3338
14077
7986
6129
13398
4943
11925
4765
12638
13260
13233
5513
11036
10626
13366
6746
9101
7412
5714
5250
1020
13729
390
11706
13230
3503
14751
4808
2626
271
14244
11831
6985
5787
4531
1347
12570
1191
13158
12619
11742
4905
10051
13925
1561
9970
11873
6551
1683
10077
8334
3015
3095
13192
10470
10687
11767
4923
6201
702
801
9734
11487
10118
2346
7408
684
8958
10789
12446
1097
12463
4794
7486
2720
6598
3388
4195
10902
6843
12334
2482
11059
11858
6874
5691
12721
1935
1340
14791
5728
7745
9837
10814
1355
13881
5380
3333
11032
11518
12057
9134
1555
2349
5647
10412
4170
5344
11861
2789
7463
4721
14905
3313
13685
6480
12892
5792
2045
10381
2834
8071
8632
9240
7394
2703
2813
6388
10119
9235
5556
5799
7803
715
14868
7331
12820
1238
3084
3969
4348
9644
12926
2853
12906
6246
10851
6625
8721
12689
14737
1368
593
10935
1474
11042
3710
4994
7586
6302
14559
3447
1664
2307
10642
797
4069
1364
11613
9777
11380
2236
2149
9799
7020
1460
1361
14887
2729
4218
11647
11852
7874
6168
10553
11399
13664
1854
2969
8674
6258
5537
2487
7098
1248
12529
13576
8888
5044
2467
4646
13711
7593
1303
3599
9439
14643
11168
5207
11364
6711
4140
11551
14911
13100
10096
4065
1705
2820
12454
3416
9749
13658
11111
1967
9224
13796
5839
14607
7815
2935
5721
2877
6924
5946
7103
878
4139
2312
719
8993
873
12653
14922
11601
13487
5504
5833
3623
8572
5914
2277
4379
10366
14295
8541
14453
4981
7271
8207
2863
10532
490
10335
13540
11483
14899
9289
5904
452
2522
11468
3801
8074
1329
7957
10695
1023
4670
12875
1549
10367
14386
4566
9952
1899
5693
320
13210
2422
7720
10079
5498
10694
3201
9870
6386
12782
12735
3651
12536
10000
7184
4555
10428
2328
3884
1075
7598
6645
13281
5810
14257
12564
14535
7840
1927
7985
1866
8356
9013
6728
8040
10467
13173
6978
6825
5034
12236
13038
1266
444
3151
3115
5512
7774
955
11505
7837
9442
14632
11585
13068
5266
9778
10278
367
12750
9624
13373
1803
4176
1678
13895
6977
2512
10712
12758
2105
14436
1761
12167
6522
1359
8956
5993
6847
3864
6942
5178
1108
13424
6228
2997
13791
535
13066
3914
6355
5457
6671
11166
6244
14878
4081
195
4645
14593
12679
5408
6681
9158
8867
12498
450
2520
8175
3876
6006
9923
8616
14741
3376
963
6496
3080
12844
8317
3564
13147
14416
11481
9691
970
9687
12670
5277
5798
9606
1180
6218
8005
10833
5451
9836
2785
14516
2279
4713
7430
458
8876
6272
14302
11534
319
2513
595
5040
7343
6391
1378
7477
3882
3368
9462
8968
5402
7858
11265
10832
14770
13225
1431
1163
1095
10576
5304
4353
2071
4466
11178
8090
10593
6142
3312
2952
1351
4085
3772
9181
13943
422
4490
8601
2759
12855
3468
4063
12987
1389
7409
14467
541
4849
1413
6240
3639
9546
5303
174
12293
8561
10580
6073
8666
3079
10339
6156
7868
2803
2358
3536
4526
14005
2864
2690
6883
6958
7015
5737
14111
3786
10048
10088
6675
10300
2885
4315
12949
11955
12966
3701
4056
4481
1488
2054
3799
1182
4394
14813
13920
10167
14669
7053
10589
903
8435
6855
8763
13909
12576
13882
1427
2594
2830
10628
1994
13273
11147
10230
4624
1400
5697
6147
13080
8916
11054
7421
4255
14084
11608
14097
2309
112
10948
3372
5743
1027
624
833
13275
2005
5068
3091
10721
13446
12882
8340
5474
155
1692
4048
7566
6116
12609
12701
4
1593
3823
11548
876
253
3745
1397
11187
3954
15
10648
14744
10352
8092
7095
13684
3443
14971
6975
551
8177
6340
10685
5478
4719
3679
13501
13208
1760
8582
11942
7873
12119
5599
2319
3155
8335
11739
1517
1966
13389
13822
9768
1161
3405
8142
566
391
2074
12130
1210
12535
7150
14284
6063
3916
10659
10620
8097
5482
5968
11866
10213
5634
8602
4152
14261
392
2260
9610
11915
739
2694
4324
285
9711
2774
12538
7843
9858
4068
12507
11716
7543
8837
4153
9496
11494
12702
9312
8246
13392
8537
6306
1975
5684
7065
12105
11058
12074
3257
7379
5564
13481
3207
12327
9105
9375
904
13763
1974
8887
1155
2702
1560
10476
13323
10812
4245
157
8917
10976
6414
14875
7665
13475
2436
5167
492
4262
2549
6662
10560
11520
1993
14855
8591
3495
6236
3646
9880
1025
3394
1536
2408
13132
10229
1785
2680
12797
5291
6483
1455
12200
13689
7355
6098
8558
11200
10692
3891
2555
9531
5442
10371
12249
2427
12066
2982
12645
11428
13020
3004
3153
3648
10254
14792
6036
2439
13564
3698
14346
1922
5800
1884
13719
11285
6052
8516
11733
5975
3766
9856
9736
14418
13111
10406
10356
12555
124
9479
13326
7936
1627
14595
2252
2179
13659
8264
10965
13803
1451
601
11500
5977
919
781
3523
9883
3414
227
4464
14193
2828
10261
12457
1734
4877
2688
2584
2196
4484
3862
8337
4910
7838
4338
5135
5604
3435
8031
160
4374
5146
1667
3310
11920
2253
8248
1929
7831
11355
787
14950
5366
3380
4067
1031
14152
9975
611
435
6781
745
8338
12726
1677
4220
13604
1751
14699
1
8930
8350
4434
676
13986
7063
5630
4419
10875
4758
6656
12307
14597
246
9036
12980
118
439
7139
1783
7376
6572
4803
13220
4061
13350
12002
4664
9490
7064
10446
8870
6295
6140
4668
2153
3544
11360
6667
6380
7670
4109
6374
7776
9000
2752
10463
4431
6980
804
10436
4492
14985
13801
8682
3409
12573
12447
1538
12039
1410
2264
2850
2340
1280
13597
4367
13905
4661
2712
5230
3321
1609
8849
10138
4682
9594
11734
3929
8152
10310
10711
8647
8972
5071
7405
9264
4710
12946
9133
9991
6769
885
12768
5056
1333
8749
11995
13996
3213
11331
6213
9622
3329
5901
14520
8872
10443
10971
6861
11554
4539
4213
6296
14738
5109
12064
498
10414
4397
2923
14011
8538
5656
10029
4545
4650
341
480
10934
14089
6315
5835
12680
13454
8967
10033
10173
9988
12705
3700
306
14417
5161
13947
4087
14155
13787
662
1312
851
11491
5578
2573
5069
12971
2345
14487
9666
14568
7937
8479
10910
1827
3466
2293
11638
9404
12647
7965
1307
11730
8445
2826
5026
5090
2748
169
3400
12921
6962
1007
4372
4487
5276
4228
7697
13059
2182
8738
7275
13363
8607
14377
7126
13262
13372
5441
8438
2287
8485
4032
102
3667
4206
14175
2502
935
10968
1529
13638
9466
1444
12560
14162
154
5105
7836
13570
8145
1289
5794
13486
11328
12856
14824
1577
8396
13706
10742
11119
5237
10231
4204
5289
13769
12285
687
9247
3278
14711
13944
7979
10957
12840
2351
12422
9873
11502
4609
14603
2440
1812
5121
165
11776
3393
13425
9585
6773
5925
8443
681
14063
6488
2760
8442
3110
8557
8908
12173
13401
11549
6324
322
13411
7231
1065
13989
8768
9862
3349
11103
6234
240
5654
8290
12339
5873
1539
12461
9848
7370
4752
3752
14931
9374
1570
61
7692
13877
5671
14249
1237
137
2048
6199
3832
1209
11410
14309
5730
14197
4435
9287
12342
13981
9043
2117
9861
13405
7533
6024
12352
3858
14102
5795
6471
3021
1647
3942
10839
13974
13150
1221
4667
4332
5998
3627
8597
7966
3691
1336
9542
12957
9560
5293
13348
5557
3676
8862
6821
8779
10387
7505
11624
3185
5396
6849
483
7178
3602
13868
10430
3936
11318
9719
6013
9947
10609
1722
9356
12281
12739
13328
14809
10049
5813
8384
3886
1615
4149
1755
6532
10795
8406
6993
842
13204
6084
13805
7083
2173
7246
3382
3628
6479
464
990
7280
8180
10139
9400
5070
12737
3594
3193
14496
2188
13983
10650
10157
14731
12618
12009
948
8711
1091
5148
12543
6230
9573
13226
4279
3910
7998
9343
1936
12983
13209
6485
13665
526
3481
5851
9715
4060
5206
799
12878
5114
1671
631
5224
6626
4384
3850
2506
11949
8454
7136
8928
7978
6516
314
1590
10745
10496
10042
12874
1049
8669
7510
7907
3318
10850
900
5130
10301
2003
11944
14571
13265
11607
14200
10655
3900
3964
2426
1106
11462
6724
7164
14627
14749
13814
2507
3695
11378
4821
11216
9942
12995
11049
126
143
14433
8566
11531
6224
9702
3887
1434
11854
7633
9663
3202
5354
13317
3960
8352
14336
10645
9209
12256
11814
951
6291
2493
6688
2211
1881
5232
481
13714
12286
14488
10375
3913
5842
3546
14924
1763
8132
325
12428
4594
280
9565
962
7332
6361
13806
9055
5666
12626
8507
10085
14002
11869
4929
14475
4098
13668
6567
3860
2049
757
12742
6887
2642
9625
1202
10273
11227
5732
208
4900
651
8385
11231
7626
8468
14820
2710
11572
10338
8414
1947
219
6824
14952
12673
7133
8073
13599
4261
3404
1794
11113
4226
13458
14067
6988
4186
8239
251
12296
5588
14328
933
4284
6868
14742
5964
5649
2692
7687
13143
7886
12800
6648
14290
3763
14729
1310
13452
7905
1537
13229
13588
4643
14761
14385
5759
9353
10452
5196
3581
11938
12871
7110
12552
5988
1059
6217
8742
11050
10785
3669
13614
2370
10895
629
1390
7364
537
11288
3031
5538
1174
3948
956
985
10019
4007
4159
13630
10050
9534
13845
10144
13841
7923
2066
13967
9628
1088
4689
11346
867
1985
600
8089
7686
3295
7829
2107
7436
1408
4430
13561
1048
12163
7075
10838
3758
7892
216
6091
14325
1997
6401
3924
14698
6050
1069
11673
14110
13644
11176
3686
7851
10709
11639
13589
13118
6761
7702
2352
1619
5149
10554
4303
5471
6493
1885
5338
14334
932
13134
9514
8892
13022
4986
5486
10160
13998
430
10776
6184
1371
13319
4838
5388
10567
7926
1111
4201
1495
13919
1752
8425
3132
13987
11282
5922
3641
7419
10196
4426
11564
6545
14315
359
12550
3428
12436
13156
9035
12798
4577
1420
13069
3760
3335
7247
8726
8585
14990
895
7415
11403
5635
8961
10644
8523
6835
10769
1185
4746
529
10382
9832
10856
7322
3478
11695
12011
2872
14093
14944
8151
8829
6430
5
10708
9932
8631
12213
9079
4425
8148
6395
12041
7273
13112
7786
13353
6445
9149
5883
14874
8481
5659
13601
12377
2602
3356
7742
13258
2102
161
3653
8869
4939
4724
6589
12846
4325
10886
1308
3078
2147
1096
10998
13407
7864
1320
7205
8277
3347
10108
6099
5496
14288
2417
8598
3181
9812
76
12201
4404
6127
3901
14881
3849
10332
2047
14165
1811
3425
7038
772
10522
4421
1079
12706
8799
10408
11208
11917
9741
5942
6998
9340
5284
7303
7118
2938
6774
13151
11248
7525
13539
45
3754
4345
2880
792
759
5614
14926
4989
9099
3406
14823
1998
12709
12379
8058
5706
1869
795
3413
12617
4470
14521
9804
11512
4477
6906
4454
12817
8716
9600
14843
1344
2744
1472
4630
4451
4166
550
7724
6831
3582
105
14096
14088
1153
14128
12180
12269
5122
12405
10714
10378
6857
7398
4835
9680
1236
10455
8681
12423
8159
11775
10471
9080
13003
6118
189
7842
1682
3146
7714
184
12035
12704
6504
1771
6611
388
7519
4046
7279
2421
7622
1282
2657
9364
8926
4193
4132
11918
12202
41
6817
8302
5935
1388
14621
13318
1766
4285
8251
1050
10605
12743
4025
10920
2876
6880
3635
9276
6352
9773
11823
3549
9041
4550
14510
8430
11212
12801
4019
257
6462
1354
13300
3645
1373
824
11489
9879
1544
13941
10303
4309
383
10752
1740
1814
5324
3718
14573
14238
4128
13394
11106
7155
2547
1764
10193
5421
11996
5522
7743
9620
3420
2889
9193
8689
11761
13950
11283
5843
14873
2280
14494
3064
9623
12027
379
11215
5927
10500
9632
2202
3182
11061
14452
6559
11243
1051
13572
4613
1000
13448
12968
13641
3488
11622
9935
1105
10819
14470
7603
6226
12158
5158
2214
10562
2212
9961
3432
2076
10946
5910
13916
11984
12012
13524
7967
1584
2562
7320
3997
11801
8511
2055
14966
8254
14677
14422
14205
13493
8544
12108
6282
11171
10376
13990
5639
12152
9296
4033
12321
1769
12776
12086
14318
10233
11895
4198
10462
6730
9201
12810
2322
3162
5208
4954
13709
10441
2070
1160
4097
769
5490
13438
10239
7336
762
7137
14506
10979
7485
11530
3070
292
10627
7552
11946
12805
13287
6714
12988
12077
3961
13174
11668
6087
8595
11806
8093
853
10431
14231
8939
14384
1732
14350
10087
14361
13926
5155
172
3991
1623
1702
13005
8275
8660
5886
12150
10089
6571
8107
9486
9194
3355
4207
850
4364
8574
9427
6502
7424
11407
4964
11314
12833
11183
10347
2965
6387
11099
6664
12176
2072
9290
12936
2100
8023
9940
13091
7021
12018
9554
7135
6094
1080
5872
1546
13883
13047
9418
14371
6674
1259
3469
489
8819
13756
1716
5084
5027
2109
2489
9645
11829
2187
4651
14916
744
14767
12149
12487
4637
9505
10831
8996
10047
263
3697
1848
6872
1819
9472
576
11297
11075
9994
2778
7830
13302
2837
13044
13790
7847
9806
9066
7784
4561
5761
12468
11022
10299
8827
14504
3861
5592
1900
10801
5351
1790
12732
2365
8077
6963
13491
8920
5775
309
1358
10884
8279
8111
9735
11236
12040
14277
8329
10067
3049
10177
3173
7959
11896
469
14441
13522
7326
13907
7009
2955
11440
4854
12521
9800
8285
9217
408
11795
3408
743
9592
989
14978
10816
7468
8459
5314
2682
2221
3240
12803
4429
8880
14398
1203
12049
22
5738
14447
3075
10113
13344
2108
13082
441
14910
11128
7542
1193
14033
3994
1792
10032
13804
5529
13528
2724
11179
14161
4004
13196
7345
5812
149
1002
5249
1133
7418
9764
2672
6889
9307
9890
9384
14970
13793
7557
8893
10276
5880
2552
10247
6719
4219
12571
1477
11338
3148
3949
2829
13678
14525
3247
3348
2318
11414
6827
13750
13479
549
4632
5286
11386
3846
1417
8318
10251
5198
775
6890
4605
1906
5462
2231
13397
12517
9009
6760
10268
13735
5543
12654
196
8796
12931
6438
9051
14358
9453
2086
10988
14198
11308
13313
6599
14461
8868
12322
9014
9258
6909
5840
6602
13553
1445
6189
14774
6235
5632
10643
897
7195
3519
8710
14909
12085
12001
11700
9391
4530
1484
5503
5104
7634
531
5499
9683
1372
3576
8154
9465
12319
4163
10509
10027
9919
1839
4079
12930
13523
620
10690
4342
7010
10666
7881
8764
10521
8032
14233
7520
2576
633
518
8528
3431
14286
3245
14938
10928
1149
11849
3742
2159
14545
8875
3027
6191
8203
14419
3322
14228
331
3705
6735
5511
8864
8055
6727
9416
820
13157
6560
1207
1999
12795
14206
1001
12483
14556
7548
8657
12866
2006
6905
10950
2471
4234
14705
1173
5271
9900
8313
13809
14920
6873
6655
8028
344
491
8974
649
1195
553
311
1821
2032
3607
7232
1380
14460
7630
8995
14610
7081
5866
1166
7527
5279
14923
9586
6918
14676
10647
3637
1699
11764
3562
4787
10794
2095
13936
2979
13560
10450
11902
2746
5809
8809
9381
7267
10294
2918
6344
4312
13546
372
4239
6732
13065
5192
14778
8741
6738
1286
7470
14074
14248
7199
3291
5097
8357
1264
3200
7706
12767
11232
6867
12898
12727
12614
7913
11479
1753
485
11012
3456
5253
9344
14242
6268
99
6996
8592
12870
7795
9049
3825
12183
3357
14348
6772
8770
7615
3303
13610
13228
12246
4072
13008
9402
13538
1052
5360
4238
4930
3044
890
4483
11427
5945
13101
3264
12741
6885
11855
353
1710
4074
11425
8712
354
11033
6447
3893
14319
377
11532
6723
4247
3016
10451
9378
11948
1356
12124
3209
5944
1668
13223
1736
3392
2354
12399
14396
5764
11467
1605
3197
135
3603
477
7144
1786
12802
2819
1672
2758
1337
2899
9739
5715
7501
10071
2303
656
8551
8611
80
1847
5596
10877
190
3540
13995
6075
8183
6449
11250
4333
113
5361
7638
4915
6956
3819
14435
7984
13175
1526
8056
13781
13861
1801
14804
3835
3798
9491
11402
9779
7960
5435
1507
3551
11708
11325
10780
12460
10930
8921
10639
9213
12206
11935
10132
3233
13734
7971
5195
615
6604
10829
2388
12710
12132
11592
12104
660
8359
3166
6325
6278
5829
9614
14811
11459
2814
12853
1042
14445
14184
11519
2262
10478
5704
4298
4627
12184
8946
3981
5055
12895
2272
3634
689
1547
10914
6726
14653
3748
7537
9025
8193
11369
10426
1828
14553
7254
10126
11082
13825
9269
11681
4200
3411
8464
288
11028
12343
3480
14818
3050
3292
1225
6038
4181
10008
1802
2243
13832
11301
3584
10091
5308
5062
12611
11086
12237
1316
7351
11649
8655
12017
2705
2684
926
3764
2870
11134
8923
3879
4875
1370
12506
3249
6441
12207
10117
5646
11522
1816
8020
14619
4305
14531
10438
11780
1788
6533
2425
1758
6895
8080
10764
12762
27
2666
1224
13639
4172
12707
2536
8966
1292
12244
10429
3403
3838
9167
2376
9052
11269
994
7487
4588
10082
13506
11846
7509
8133
1055
13775
4497
13489
6579
7933
6911
11985
13797
58
4407
4861
11309
7601
7198
12621
598
13519
6145
3802
7037
8394
6274
12774
2734
10166
4723
12865
729
3485
12391
9192
5419
9793
899
211
1040
1085
9788
11093
6690
4205
399
1666
11634
4089
5466
2825
11349
2377
1456
3452
4443
4231
14147
4349
1725
14370
12964
2382
5444
1497
6353
4327
5672
13963
10684
1514
2900
10487
1479
3788
3448
1145
1022
1591
5701
13541
1738
558
14821
11937
14862
7506
4810
5092
818
9809
8122
7734
4370
9477
5692
5187
14279
11566
8420
939
13670
3868
10403
4082
7152
10030
4783
857
54
14757
5251
14044
6954
14772
13681
849
9394
8156
9738
11940
8310
1006
4272
2783
3522
361
2028
12757
1887
832
542
6937
583
10324
1348
5488
4695
3131
2369
7078
6971
2409
11887
992
3815
14709
8036
1963
14662
9960
9641
3483
8899
8409
1053
714
9567
10015
8775
5489
4475
9160
11685
7950
2824
6594
12199
10713
9161
6
7514
5555
10466
5024
3859
13382
8241
4706
63
5943
4216
12578
3934
9050
5479
13049
4196
14957
3026
4705
9365
6363
9580
7437
4221
1189
7176
5821
12635
13025
14052
8584
877
4902
11792
5058
11661
6399
3121
13952
5620
1728
12227
14241
2924
12997
4296
13053
14469
4070
10878
738
11859
11833
14587
9677
10544
13762
10056
9811
642
9513
13889
14172
9581
4636
1727
12730
13103
3842
7822
13089
4254
10966
6406
11715
5679
8274
7952
7876
1870
12212
11322
6819
9516
79
9967
3866
8211
1432
14641
7185
4779
4761
12519
14697
11275
3716
5322
6536
1083
8599
3926
5365
10005
6810
785
11268
3502
8904
6850
4768
13743
4180
11148
14872
13744
13160
12838
5188
12386
1485
3741
6622
181
1990
3829
12620
14001
9618
6152
6593
2131
3283
12688
3626
659
8637
12658
1961
3736
11224
2897
10260
1843
1986
14159
5724
4872
10636
9756
5440
643
12251
2753
8374
7800
12471
9840
12038
12390
4800
9746
14164
1513
5788
11443
3535
411
8803
10092
603
9388
4573
5491
12714
7895
4603
6370
9488
5078
13165
8008
7025
7794
4796
5506
11771
10125
2933
7497
5565
2661
8018
14208
8322
12056
12641
7821
13096
2224
10578
840
3992
13359
12060
8965
77
7728
3147
11423
10394
9973
7082
7995
12154
2983
11069
5626
1535
4802
1436
2807
9725
12655
6651
424
13347
5031
14062
10896
12794
3665
9007
10297
9751
3277
6410
4805
7495
10046
7688
2500
11657
11323
11426
11055
2990
4369
14515
2478
8360
451
8651
13702
4107
11009
10592
13236
9180
13961
3354
2367
13037
10062
4225
8883
1635
8237
8509
7102
2011
14015
12474
4184
12657
4774
2181
2509
3958
10804
10516
10671
13569
4188
7890
4619
1198
12385
11664
7484
2378
1278
6356
2832
5652
7372
4222
3713
13817
2452
3794
677
14502
1087
1093
1512
14481
12019
12607
5616
4856
10916
10035
9399
9131
13336
8843
6796
6922
11848
13241
8465
340
9390
14877
2141
2605
6826
10543
2152
10793
11865
201
13439
11722
5379
9429
3681
881
7628
10063
9106
2151
6506
13088
4322
2905
10777
563
974
1304
13269
8586
13690
3220
7524
10190
6396
9995
14446
1247
8560
484
324
9023
1688
7621
5547
13499
14145
6820
2270
3998
12261
10094
2300
1871
13586
10168
3421
12336
2660
336
10912
12495
9005
12191
3709
9098
8365
3013
6828
7197
14291
667
9342
11006
8670
6251
2738
11300
8708
12746
13048
9551
5103
3214
1295
8331
12811
4879
7285
12492
5735
14764
2064
9898
6394
3965
5358
1509
14826
1256
410
12340
12861
6349
2431
8570
10796
14360
234
12939
11000
11927
7179
13387
9670
2082
8793
5677
1496
4191
4591
13490
5076
5415
6739
12270
5205
8814
12301
4941
7123
10337
2967
11756
13463
806
12222
6851
11319
8588
10031
3399
14351
10058
1638
7003
2530
8842
4274
6842
2751
10624
11469
8270
5170
4868
2220
11350
14835
4880
9070
1939
10307
14459
8230
2447
7240
501
2116
1644
637
3018
7453
10660
13193
173
4103
12907
3188
14109
14034
9731
12268
13609
4357
5645
8171
7200
2622
11606
523
5159
8698
10437
14788
11666
11919
13277
6581
2304
3528
12032
10989
3532
7705
2399
2155
9271
10103
13367
5218
4444
3674
9744
5941
7109
1200
64
7333
1453
3810
2001
13595
3221
2909
6964
7432
13355
9337
7004
14491
8284
380
6289
827
11165
7377
3008
8662
3087
14157
6390
13308
10906
1601
8707
11419
5796
14473
7649
10370
1977
1799
5507
11398
14367
7691
9977
11783
11209
11893
4494
4857
5906
2314
10176
682
14240
1510
7673
2607
5929
6864
9452
7883
4924
13104
1566
1464
6580
3093
12294
6677
12194
6841
3927
4883
6931
10651
10790
937
6526
13476
7359
4124
2518
3060
8701
4971
7269
4597
5424
10311
5510
3800
6320
3652
3595
2655
207
8380
3937
627
10526
9150
13283
4895
14790
7442
9747
395
2265
7441
13015
12974
12755
10800
3423
2044
11926
6642
2063
10013
7893
1255
7460
8253
9789
13839
2177
11259
12509
9103
6205
1141
578
9532
11694
2779
3107
11229
8902
10368
727
8436
4002
513
13417
5711
4137
6225
470
11906
2089
259
11924
8397
3422
7096
2550
13009
11405
10345
2375
7773
9231
6055
1338
11650
4175
5686
7499
13375
14765
7996
4847
683
918
1428
17
3134
9094
11813
5311
6638
9767
8703
7153
8383
12886
8455
6647
6066
3113
11497
8851
13740
8007
13922
9831
14527
3921
12754
9926
5690
10066
1402
10834
14946
11252
1970
10053
13802
10411
1715
9714
12141
158
14768
10365
12697
2771
2618
13189
1651
6708
512
1242
1770
9203
9011
10992
2784
2415
8679
198
8940
6947
4963
1021
13761
7827
12288
13955
9396
7948
7882
4155
5618
9693
3163
8617
10939
8174
8140
6058
522
1026
5856
2406
14253
266
8903
4251
4596
7753
1697
13459
6697
6381
7323
11628
6346
13315
14192
11420
12023
14401
5918
707
11112
9138
14213
7451
1573
12164
8942
11908
7935
6871
1720
14180
236
3412
2323
4169
2443
982
8994
3986
2706
9151
11714
2121
4308
966
5553
13691
5593
3515
12505
14562
171
9227
6270
6549
8886
10747
2295
5433
2469
11796
14090
679
7309
8677
11162
1458
13027
6400
825
3757
6974
2838
13393
9597
6153
13680
8388
123
2875
3407
1774
6015
13816
619
11799
7833
2764
7464
13415
10782
13456
3558
7050
9092
12549
9058
10667
10143
8690
2911
7623
12533
1897
14239
2396
6498
14376
8746
7124
2337
4326
11897
11256
1122
2446
3898
12415
5394
8229
12669
13603
11452
415
6221
11230
11738
2542
2561
8160
10531
5368
141
9726
7238
13767
8456
5920
2496
894
7218
11060
5789
4659
3471
8787
7547
5481
3076
8979
10018
1330
13815
14652
12263
10483
1115
4012
8271
14584
13509
12879
14888
6311
12770
6748
12283
3194
5136
13754
2685
5328
11034
6765
5400
8947
10575
9104
11747
8376
4423
11302
4815
226
6507
7889
12531
11656
10515
13862
13413
7954
13257
12991
8663
2907
5456
11880
6862
2490
602
5776
11579
12402
8671
3919
5186
2788
1230
13094
5431
3274
2002
13795
1864
10701
506
10262
265
11529
14551
11929
4686
12216
7764
4018
5439
8534
4189
11847
11161
3744
9492
1054
3230
14685
13550
1600
4083
360
7019
7171
5367
14951
328
12918
7117
14363
9653
9790
1959
8433
8499
4469
10640
9214
4770
5152
3593
4687
7975
1804
5717
14026
11725
14779
14322
9389
4197
4762
7560
9159
6877
1273
11444
14103
10012
11024
14686
11809
2199
2046
1622
14038
5404
12695
5853
2273
4167
1643
9566
8164
11972
10597
1675
2000
4287
4525
6405
2148
12601
4115
177
6663
7709
8469
10395
3275
3963
6778
2391
1449
6383
10512
14131
8696
7982
13720
7210
12769
12948
12489
8515
11629
9515
11454
13340
9971
5307
7620
5869
8307
13879
9419
3511
5030
14308
11289
1382
6155
695
4833
11353
2929
7212
13884
9828
10389
2544
2722
2472
11356
3615
7330
14706
11237
6866
5633
7610
7694
1739
10393
1233
8027
2113
8529
9525
13176
9185
13977
4885
9499
1589
8084
8922
5912
496
13819
13032
5845
7693
14748
12809
14018
11226
3501
14094
4223
9412
4472
12976
5222
1175
7219
4011
12211
14130
6788
10486
6436
6846
13131
5369
10689
1127
14344
10434
9255
8273
3328
11464
3977
12259
5210
13716
10221
4899
708
10630
1505
528
8540
3294
12933
14671
7183
65
5445
307
12734
13041
1879
7562
1987
14349
8645
300
13380
13272
8158
12172
297
3704
9413
9024
2901
1931
7143
10868
5868
5544
13280
9242
13747
7411
13565
859
2023
4148
5329
2869
7217
14631
2464
7446
3271
2609
5012
12070
13178
13385
4662
7031
1893
9543
7324
10591
569
12826
60
5129
605
8045
13980
2255
11974
5509
6693
2531
7224
14083
4727
6490
2014
9694
1962
1326
8119
10631
10546
11011
1395
6734
14041
10185
2101
4378
71
14264
12185
9907
8879
6078
13623
5057
2111
800
2568
7378
3933
752
3751
10901
342
14608
4845
5370
10380
11514
11025
5514
3097
5708
14451
2254
1301
10730
733
10931
14773
13339
12501
14852
7797
6211
3903
1746
1110
13888
14229
4866
10786
9656
7762
5393
2916
1168
4634
8210
4177
13304
2302
9538
8188
7290
823
6953
5318
2574
6299
106
3894
7455
12373
9424
49
6487
4614
828
14796
13332
12473
9325
4718
6143
5063
6837
14892
7350
10499
8490
1144
4077
10617
13613
1190
12850
13898
5648
2278
7561
6040
5644
5320
1858
9834
11339
6125
9643
13698
10719
5793
7241
8608
14739
5963
11870
7760
12071
6310
11889
942
11413
652
7925
13024
1861
647
11732
5452
7602
21
9753
13130
2223
8413
4410
13039
9996
9044
12131
3580
7387
12793
12616
2726
440
8813
4187
7663
4334
11794
5005
1178
8906
13853
5525
11878
1860
167
11110
14072
14976
4319
6265
4001
14667
10226
12144
7101
11167
6627
13954
9539
12264
7093
3821
891
5736
12910
2903
2364
6632
1612
10811
2976
14954
10607
3032
9943
7931
4117
12836
11146
9032
4088
11228
9705
13447
9849
11387
10705
4739
11377
4898
5106
8503
14695
7704
4173
11911
5668
4024
14581
4663
13549
13759
2777
3498
13566
6453
238
13530
14226
10802
131
11718
12452
10290
6131
10270
9261
10306
14536
12553
14532
4120
11788
6505
4436
12773
4453
6576
11441
10658
12248
14801
7640
2059
12753
9572
12813
13851
3906
9782
1044
5305
6915
13183
10835
7335
10188
11726
12999
2700
14960
8575
7396
4843
11618
4628
9471
11096
7973
13838
3211
13635
12260
1146
4351
8184
8096
6676
557
6511
9291
1148
12807
7699
2068
10022
7914
14857
12335
2565
8589
10540
4616
5751
11101
5947
3851
3101
8815
1545
14552
2848
14127
13885
12624
8621
358
14793
8135
5681
13180
13799
11067
829
3597
7022
5045
14259
8021
11352
726
2634
13021
4826
7656
11683
3848
12082
5552
19
9068
14082
1381
3538
5828
7645
2654
4503
3853
9008
4820
14265
6574
13636
7741
13033
13295
12245
7878
14013
7526
13412
4737
11659
9740
13765
8489
404
418
2860
11637
4258
8654
2906
6121
9876
13692
741
543
310
13592
13647
1791
260
10603
13778
8853
2099
5046
730
10458
13222
7730
6792
8665
6095
10737
1956
7565
133
12374
886
11271
941
262
147
748
7928
4836
11189
1452
4767
12156
5294
5921
11696
14066
11245
6804
8004
12996
8728
6543
4141
4304
1991
4995
12537
6407
3555
7789
2184
3035
7127
12675
9518
12834
13674
7211
12818
2992
13697
1969
14819
12973
6986
9124
13844
5699
11089
13594
3045
4523
701
7934
5265
11436
11959
4515
5175
5075
5153
348
12979
742
9006
9125
10598
1610
13782
13436
11460
11952
14500
12745
628
917
11336
8238
14894
9091
454
5473
14057
10967
5373
2238
6838
13738
14687
11218
6139
6834
6092
3781
817
12554
5281
3057
7583
33
856
8548
8694
3170
1905
5133
14218
4498
11296
8805
2038
6933
9110
9199
6685
8000
2532
12691
10599
6528
14588
6544
6113
9888
12667
2616
12097
13776
3899
14548
7863
4675
6048
32
5001
6072
2681
6692
3300
1318
5953
12932
839
8596
9953
1475
880
11596
4694
13710
14243
4129
6280
2115
14354
14383
837
10287
10373
13537
12214
11582
3298
5111
295
5580
8583
5156
10738
7434
12121
10073
5629
7929
9969
11891
11588
2806
2578
7115
11963
13715
9797
8754
8753
1271
13679
4495
12234
2566
11547
14907
6995
11091
5818
9579
6329
14156
5937
13440
8181
8620
10445
13391
9603
13395
12280
2787
10344
7104
12615
7289
8155
5123
6608
12827
12748
7100
8683
680
2474
4442
10328
13451
1024
4452
12409
5438
2816
3040
10755
10075
1423
6261
8782
9464
3482
6089
9878
8467
7391
5870
8192
7605
7783
8573
12559
3938
12349
12528
8623
10061
12093
4343
7255
2162
5280
13823
7545
14725
3670
12013
8067
2917
10903
13416
5615
8407
9383
10477
4795
5831
10280
13330
8347
9891
5971
215
8878
8280
12561
10481
3730
9662
301
12051
14058
8895
1204
13420
2891
12681
9608
9833
478
3144
12426
10549
144
12037
7512
14030
8110
7194
5533
7467
14794
13001
8259
7260
9821
8186
1206
12823
6369
10184
11735
14273
12133
5385
6860
13199
4439
293
13190
9692
13650
6639
8011
7850
2198
661
13818
4558
14816
437
11211
448
604
4862
5915
5877
2483
14596
7942
14550
9087
7024
7120
12050
2845
394
7523
13518
1983
6243
4015
8569
6086
4778
7860
4611
2128
12217
14861
8736
11205
1369
2015
6859
6297
2862
12729
2718
6413
2190
14849
13525
9658
1907
8345
11640
8441
7299
6253
9757
8361
13306
12950
10456
13071
11782
10354
14885
1284
6423
3341
12693
4742
3042
594
6416
2645
6070
8315
11139
6771
4641
10561
5771
1863
8262
3797
13301
12242
11016
9636
10503
7256
4980
2866
445
8797
13377
12393
9336
13835
8733
11466
8386
14740
7318
11665
3289
9589
7740
9511
14746
11014
14945
2163
14620
9596
7930
2739
8969
4589
866
9774
11138
7258
7848
9605
14153
5142
4692
3632
7796
1775
11603
10781
7319
4999
8030
12781
4937
8729
4524
2486
5972
7435
1077
11892
753
8209
6839
11400
14939
3865
7852
2180
7558
12789
2940
5331
12518
4970
671
3796
3702
10206
7456
5173
7315
6652
5180
6497
12357
4623
10649
11662
9295
1009
10003
5093
568
5581
7763
9826
8684
5087
3989
6247
11693
1151
8985
3753
8117
9218
7611
11785
12459
5822
11621
13206
6749
1528
10610
8825
7716
13181
2251
7556
8213
12547
8890
4116
6102
7385
7779
14413
8353
10929
6334
3358
1181
9476
5219
4622
7725
1603
6529
50
8932
5364
6668
12195
5337
14043
8579
1306
6619
3537
299
14903
3765
6371
1322
2305
12243
9997
5341
13514
2229
5896
5315
9410
204
9318
13163
13185
5673
3263
5875
8311
4775
12456
5487
3520
14448
7964
6755
11375
10212
6620
11320
10309
1694
7062
8676
9562
1046
12603
1036
8342
9303
330
316
10147
6661
14138
14245
12240
4428
14207
3017
1737
5807
6106
8075
9792
12250
5151
2085
9654
9252
13770
9855
1480
3649
10291
5566
10199
4194
13410
1169
11048
14656
9480
12030
1793
3331
14837
151
5837
5954
8266
724
8659
2010
14600
6704
4277
14160
7845
13783
10862
2558
565
7919
7696
14189
7571
14655
12516
7618
1502
4355
10343
9776
9946
13235
6657
11274
8934
12591
14555
9637
10149
7748
967
183
466
5908
4295
8173
13571
11653
4533
8531
7549
398
4936
1035
2775
7912
8727
6264
5085
14219
3818
6780
4161
4402
9246
502
8179
12305
11376
2677
12493
13324
9918
11856
13290
11744
3020
11910
11960
11616
4414
8458
13821
7073
4215
7046
5355
3410
8268
5372
14178
6798
9326
5521
3509
10257
9802
5895
14112
12073
8432
5313
7870
5377
1092
10269
9949
7088
1636
3140
1842
13951
10238
959
2271
9871
8123
5932
12072
443
4593
6914
6425
11682
8194
521
4798
8487
3082
10761
4855
10155
5905
10086
6659
43
11311
6893
3685
1463
11707
8633
5987
11556
7503
8039
2621
2791
420
13110
14049
14927
6255
8788
11964
14251
6025
12273
5814
9324
9379
12267
1459
2894
14306
2954
10286
1231
14651
9968
10681
1531
2043
6943
4957
14313
11540
186
7389
5536
7989
7368
4317
343
6687
7624
7700
10407
6822
7310
8622
5493
6630
12911
7619
14518
2118
5399
5696
6185
278
2851
10469
13755
12024
9274
2721
8348
1689
10141
10187
10614
6241
11326
13976
1188
8612
14035
5015
7023
5430
13563
646
13701
12113
9349
4679
5742
10771
14979
12472
6468
12627
10638
8051
10127
9368
12266
2450
9583
2133
13383
1339
2
7175
2913
3565
8857
2288
9956
7177
754
10675
13293
10178
9173
10203
12602
9034
11191
14440
127
13748
870
9272
9493
2239
12
696
6085
3419
13653
1933
13580
515
1291
6981
911
5841
11344
5951
9577
5940
1920
4860
10844
4738
11743
1112
11116
4806
5858
3578
12476
11130
7993
9650
13342
10400
9473
1081
5561
8520
12440
4732
11083
3417
13757
6377
10565
12412
6019
1750
8484
9200
10170
8999
7849
650
387
5590
1772
2749
9791
5450
8649
12078
1252
6037
12605
423
10740
3974
9385
10545
3655
790
12937
10876
13859
9239
2129
2394
8982
2126
3957
1171
10871
7775
12010
1342
12832
12808
10172
14275
3464
13450
13500
14948
11994
3828
12062
4683
4131
3459
634
2218
11306
9917
57
6764
10392
11648
822
12028
5811
6689
4656
6350
1856
11492
10622
10523
7302
12331
11145
7589
6925
2650
7521
3267
10703
4700
10349
4101
2772
10505
7457
12581
6402
428
12351
14387
9709
12625
2615
5242
3334
11293
7920
5607
9232
10146
13946
14810
4846
4685
5924
8732
11217
9948
14260
1315
13590
8109
12179
70
863
812
2637
5667
11004
9882
1409
5346
5007
5327
5720
3286
9688
13495
5806
961
4946
4243
2267
3440
1232
13557
13872
3553
9433
6165
7306
9371
4926
5974
12419
11537
1541
1319
10954
12835
7766
5371
101
1416
10302
11005
8636
12203
8220
6043
4278
510
1554
3028
3500
1943
8401
329
7825
12178
1934
10618
6357
9147
4570
10926
6584
14148
6637
9556
9171
9145
1270
2762
8422
1674
8664
13224
5962
10433
8798
10858
7312
10559
854
8717
11644
10284
13828
3305
6182
13329
9939
6606
1013
10652
269
8127
2658
9216
9478
13521
5602
12783
3869
8709
10524
11943
1073
4678
3666
5638
9783
14426
8457
1325
12427
11094
10981
6809
237
14407
12920
10057
10723
14482
4035
6603
721
11154
13092
8399
13279
11953
3857
7682
11329
13120
686
5960
9316
10585
14028
7287
7722
14333
6600
14864
14617
1928
5834
3449
1121
14839
3241
7161
14623
13911
7924
2333
13072
4151
6569
352
10932
3176
11723
4209
7594
10055
9249
14612
8079
10646
9601
8182
9348
2750
402
4772
9166
4252
8226
2232
4058
10182
12595
3940
5762
1759
4736
11690
5446
150
927
13010
655
1468
2827
7707
5437
7820
413
14638
11382
3239
5174
597
10253
4918
668
6103
2125
7056
9672
582
4331
12481
187
6972
11186
2242
10134
14814
3208
4799
5102
9361
1504
6210
12302
13865
12275
12943
511
8072
10852
3890
10321
579
13360
3154
9657
13261
10772
2418
12557
2363
7182
3909
11660
14560
2432
10758
10454
13548
1129
11762
10859
12847
2761
115
14292
5623
14901
9423
9535
11242
924
9474
2857
8933
1630
9667
9630
6875
4263
11557
3616
7940
4740
12606
4690
12123
2597
12524
13029
6137
3988
12279
12329
14439
13707
6990
10422
1867
2284
2313
5753
3923
11888
3755
6434
14941
14250
12548
12239
3557
10009
9504
8941
9363
943
4618
10348
8198
12687
4383
10319
12731
9846
14414
9302
11396
116
1973
7071
2698
1565
7834
705
1525
6793
807
7007
4330
13556
232
2656
2144
6273
8758
12877
13662
13017
13116
12161
1302
14634
2519
13532
9288
4969
4506
4878
10189
13834
13728
7016
4260
13741
12092
11820
13046
1249
427
4600
14782
482
12160
9904
11037
10691
12989
2624
5867
366
14511
12642
7392
14141
2192
7206
10218
13035
6631
7410
13370
1717
1571
13820
584
12623
6517
3982
13133
11630
2989
12100
10616
9172
7201
1676
11702
3270
7230
11381
9868
14540
12107
4445
9999
12644
9713
3462
3950
11461
298
4699
11883
10112
4463
12876
8228
1669
10696
7944
3244
7897
7209
4536
5268
12540
12599
5675
14514
14421
1890
7395
7028
10427
12265
13113
11832
5310
2922
9844
14369
12157
39
10074
3363
12254
11719
13629
10054
14415
10037
786
845
13913
1039
11156
82
10571
14625
14107
1177
6955
1123
556
6222
6187
10359
8325
14758
3643
6232
14565
8477
4546
8505
13012
6104
875
11758
4316
14947
275
2244
11455
12235
1800
5612
10756
7536
5317
2027
9519
10164
12103
4952
12115
11435
4521
4449
5515
14734
10525
47
1614
8514
965
10830
2855
8143
10519
13921
13154
1942
6989
5777
7733
12153
14321
5468
8846
784
1925
5719
1639
10700
14087
8267
10892
8806
2067
12316
7758
9339
7189
5316
9976
6157
9730
11877
10994
8047
10885
12303
14366
1896
8041
12523
1467
12567
3619
2600
11988
7759
14756
14854
7777
3288
7321
1877
6712
3816
14065
7213
3743
9408
10860
1578
8026
2143
11135
5517
12054
6323
4202
11084
6331
1212
3601
3621
1404
2268
8250
8295
13430
2029
2974
14143
10715
7922
704
14186
977
2725
12081
2951
2732
3589
13749
746
11008
5306
7961
5356
7655
13511
14393
9983
14221
7531
3168
8955
13788
333
8472
10955
8473
13002
11446
9489
12380
11068
12383
6530
3492
12099
13310
12520
14392
4565
7737
2564
13107
10246
9485
13850
5413
3253
6633
2335
8610
10401
14719
13673
5864
1060
1170
6351
2036
14280
3542
6994
14775
9547
9411
1992
14893
303
7739
6090
10159
922
1926
10956
5562
2867
12193
7259
13148
2743
13703
1430
5888
14992
14569
6263
9139
6762
2448
10329
13904
8971
12804
13733
8744
547
11999
8333
813
971
11219
11432
7880
2018
8792
5101
14900
7899
4037
6330
1008
13513
1126
8341
5554
9830
14961
8512
7076
2275
4337
4755
2611
3714
13721
7112
9323
5117
13331
11903
34
545
7921
8291
355
8113
4366
8242
14949
1138
7270
9893
6759
3896
13240
12922
85
9136
1564
2575
14871
220
10594
889
11752
9584
3206
13534
2298
1946
10909
3880
6338
964
11164
8371
2792
8542
11631
8900
713
12215
8243
12858
4602
12771
3999
7647
13102
9903
5330
778
8130
14700
8389
6782
10304
3457
980
11324
12484
14898
9671
6928
4947
5267
7736
13616
11609
6494
6770
2963
12903
229
4398
782
7264
4749
9314
10602
13917
7494
2037
12512
13194
6720
12684
5823
10949
11137
2282
13164
14008
9854
13086
2087
12359
12597
4920
13431
2945
10474
2259
12527
1084
3136
8076
8618
6275
5301
10736
2786
11213
10423
1892
3242
8838
13483
7869
12736
1924
6561
12851
11342
8439
7443
5631
11150
11480
10191
9708
11485
13023
2821
10435
13931
7778
14188
4933
9268
11449
7841
7888
10541
13124
7086
2805
1613
7313
14382
1640
8214
386
14073
14031
74
5217
3386
5099
6079
8016
5791
9559
761
3720
2022
14355
1414
6926
3336
10209
5956
10677
14310
7295
10770
8539
9564
1201
9029
783
2466
3497
10613
14183
1500
12413
10924
3725
223
12400
7354
10453
13218
8817
14136
1360
13182
9053
14512
8863
12090
7169
8044
11845
4945
8412
11299
8915
4352
7047
4693
9225
13453
7358
8002
10355
14374
14786
13612
14605
12945
9795
14462
10539
10039
14649
14799
13419
7677
385
12558
10076
8642
2930
11802
9076
7785
2276
5902
7793
11448
12439
2598
4080
12276
2585
11351
7400
10527
5417
9696
3116
4734
10198
8757
9540
14116
13365
11913
4217
5585
13122
2317
793
11844
11451
3128
13991
5893
14658
7058
5939
11180
11885
10340
13910
10137
6404
12942
3789
1239
14660
4455
1309
630
356
2527
7672
6316
3092
9951
10388
6132
9801
12589
11470
13468
1117
1703
7911
2636
7026
4621
6908
1439
6795
4916
14865
13278
6683
3533
2130
1642
11839
14633
2057
11755
3953
2134
4652
10004
8720
14583
2741
13435
999
10784
4976
3878
10917
4938
6459
9588
14982
6300
11184
10333
7134
5850
14282
10419
4813
11133
12116
11149
14410
13408
7660
14675
11515
8556
8748
4365
2061
1846
1267
3171
10298
4583
7147
8850
8336
1424
7652
7114
3756
11471
10194
3767
8944
14390
11749
1953
10252
8125
6359
4535
2429
4235
7708
2342
11645
12862
3735
11038
6022
6435
7617
12308
10461
10537
3554
2763
199
3135
8527
902
2717
12333
13771
1685
12063
1245
9808
14430
4036
11484
1721
10158
7679
6035
7416
7149
10282
9497
8962
13587
14086
6959
1841
11703
1489
14134
2495
7644
11990
3847
4043
5688
11085
13464
14081
14019
5783
12959
11951
8062
8061
9020
13764
12387
9640
621
11281
14968
8019
4582
14973
12396
7516
11298
5665
2397
5004
9938
10244
12458
12252
202
5976
3690
2939
5636
13264
7253
9629
9814
3385
9933
88
2120
3892
3389
2189
1965
3307
14389
12112
4886
3873
4881
3072
13873
5518
4203
3126
11983
5211
12594
4704
10573
6298
14364
4896
13972
14010
13935
8403
10183
12332
10718
6944
11337
6082
14974
7754
13677
10581
12994
12414
4233
4321
9148
12411
6503
12965
5765
12450
2892
8769
8576
7192
10739
6856
6442
9189
698
13462
6649
8553
6326
2016
1646
6432
100
5846
3550
10861
11976
587
6736
2740
6936
10893
4336
11760
9178
11397
9286
12761
6293
4094
14785
14657
11670
2798
3415
7439
5817
11586
13063
4901
4162
1062
14258
1186
3712
12295
6710
13341
14972
546
766
277
12418
6239
10841
4127
12912
4534
12883
12881
2250
8747
2649
4907
8587
13288
1262
809
12044
3563
11488
9631
12513
979
252
13928
2962
3003
3387
14524
1626
7744
1438
10813
3127
8463
14747
13600
14886
4459
12925
13379
9718
1690
9998
8821
3235
59
7651
11392
13109
11496
4729
14999
6789
6021
13219
7765
10504
9329
6519
9002
10788
7715
986
7002
7215
7669
4143
13527
12857
10449
3636
7407
11437
4911
13019
9250
6195
3726
7293
10572
9088
14859
1446
467
7034
12346
865
14432
14981
10492
7304
1837
5892
14174
5769
12972
12277
9001
14341
8364
6294
2893
8619
11580
8245
4371
2341
7718
7353
369
5527
1653
14735
11524
12733
13631
3475
10204
13543
4940
9015
12720
13169
10962
11031
4029
940
13745
13271
4569
3539
8997
8398
11574
3671
3272
10070
976
14305
10827
3731
6840
8065
3103
5100
318
9843
290
13584
5545
10982
11018
7894
13619
5785
2492
11663
13924
10653
14995
1419
14575
9409
1574
6555
2051
8231
6064
7643
4887
11363
4102
1214
14590
6920
11257
6029
14577
9695
1394
9262
178
13067
13418
5948
7518
5079
14150
426
281
14895
2263
1222
10606
8269
12424
6031
864
1889
13687
1254
9431
7388
6004
740
3474
11143
6209
11395
5849
10894
12574
5985
5463
14163
14636
5002
3804
9563
5039
2571
2904
4932
3990
9766
5401
7625
10978
11118
2651
736
14585
13221
3793
5698
4249
672
10661
9083
3941
13502
2641
5118
14867
13575
12562
2007
3939
14930
495
8034
12502
12381
7685
5282
7032
6345
8187
14129
5917
5041
5725
2715
14020
5928
703
4214
3192
93
4812
4275
4307
720
8804
1447
6750
8419
2713
9810
5300
921
9651
12219
1550
9710
14047
5619
4108
3174
2499
2689
10100
264
1849
6979
11568
5961
9256
8884
2563
14958
12485
14572
6364
4499
2484
9084
9179
7272
9328
6791
13266
9612
3677
2669
8496
12177
10084
412
5852
11015
6348
55
1810
2136
9771
8643
11766
4537
5551
13381
3696
9305
2799
12083
7854
9210
13144
4049
2811
2608
4735
2331
14272
5082
2480
12317
14428
4870
1845
9369
10156
14098
6354
8240
14993
8066
11114
13311
7157
212
2540
9447
8498
12849
12792
1422
13507
7981
6444
446
13400
4054
12129
7606
8784
3125
2964
14332
7140
11241
5072
3243
8042
9056
3041
6392
14891
1530
10142
1454
10810
14106
10542
7916
3034
1773
11541
14499
3567
11819
10136
988
7111
12830
13529
13297
48
6478
14932
9063
4376
9196
10670
9037
8844
2730
5542
14316
12433
3687
10890
2324
2327
214
6041
14498
13929
14168
2587
13964
1701
6443
1617
7980
12210
14674
7481
5984
14913
2856
12341
1522
11181
6378
8017
3547
4822
723
4377
13812
14570
14723
11817
4529
6422
1072
14224
2865
4658
3427
9153
2234
5760
12079
6935
3236
1109
9414
12345
10090
13899
12410
3252
2371
13774
4114
4142
7472
14466
8950
13016
12496
1652
4544
7938
12117
8138
8816
6096
1448
5298
6716
1878
9183
2454
14425
14908
3512
14557
371
7909
10767
5627
12125
13634
460
12287
9494
2183
1403
7105
10028
3706
3905
1823
13138
7719
12404
11658
12170
10964
7357
11030
5523
8475
2142
4633
7553
5197
14784
4842
10938
12435
3269
5321
3362
1251
1781
14836
3803
1853
9561
14710
10465
3104
14314
4110
1407
973
7668
9982
1824
879
6318
12361
12253
6397
6886
11063
14023
5383
1575
2523
6276
10722
1649
11404
12723
7316
4547
5747
2936
11206
6287
6347
14847
10774
5558
1883
7600
5855
5772
3872
13840
7507
14444
9786
7369
532
3316
11175
2503
2274
13437
9154
218
10768
11971
7444
5110
711
3622
4612
11503
11225
9266
14918
8713
3309
3657
11899
10420
9434
915
14554
456
2423
9642
472
1880
6484
282
13364
13520
802
12924
718
13274
5381
10234
13467
524
9857
11477
2306
5611
609
414
5492
644
3418
9331
5312
2601
9140
5605
6458
9387
10919
6245
7489
4568
4100
883
5936
9684
1184
12230
3831
9571
14629
7662
7250
3925
12872
12663
2350
7723
13908
11019
12110
8549
12190
8988
11097
12630
9461
8104
291
1441
4654
13034
1964
436
9817
6456
12542
7342
6322
9512
6009
7711
8580
8626
4968
5844
2097
5595
925
10933
14726
10116
7045
1908
4344
14815
3205
13213
5464
1215
10448
6419
10941
11368
12588
13914
14492
7877
11563
1426
14357
13887
8795
1099
8170
67
14672
5740
365
12494
1580
7721
3061
11026
13498
3729
8377
345
4075
6081
9322
3517
12174
13140
10535
596
4514
6670
14802
5572
110
991
13171
1894
8118
2635
12928
1748
5628
10959
4290
12431
11674
9835
14437
6930
13117
7991
3777
2737
8162
11975
5773
6767
9073
10818
10288
5752
4016
10123
4381
9755
3908
2781
4471
9555
302
6609
9685
14329
11307
10353
13813
2132
640
7298
1365
8605
5926
9350
9785
8497
6415
3747
7044
3871
3396
7041
11379
7970
11632
3436
8740
10098
13211
7483
12545
1729
1367
3234
12815
6806
9460
1851
13052
12717
13505
6159
10104
4922
7187
12330
8131
6290
2084
14022
2874
1411
2461
6700
9468
12300
7090
9152
11280
10501
1482
3384
14053
3143
8881
8157
8836
6169
89
13084
5332
13705
13906
14846
8423
12140
11982
14845
11313
11261
7727
9360
10987
3445
764
13625
1825
3822
1028
11348
13617
9220
1218
5108
14331
11860
9591
11439
5713
7469
4289
213
12752
6208
6797
3980
12718
10693
6588
8296
1385
11108
86
5245
14538
12120
10211
13978
11617
13014
2056
13854
1779
56
13141
14027
1945
6149
7404
10518
14694
2556
3311
5098
586
11834
7879
279
11641
4496
1506
5035
3723
1822
14983
2498
2316
3039
7052
6669
12318
10899
14528
2841
1172
8526
9570
13615
8530
13994
14547
9059
4852
3715
9354
808
9841
14068
12095
4006
7207
12515
12889
8807
5606
6636
10897
12563
3005
7202
5780
8165
4559
14079
1844
1657
8891
3365
10918
11411
10556
1005
3043
12175
10059
4532
13263
289
4356
6317
8533
2405
10533
10583
5916
7582
4227
6927
10274
1782
14006
13915
10797
4725
3217
13999
2332
8128
8673
432
12839
8282
1491
12747
14085
14803
12812
421
1125
3805
4047
4965
5524
13949
14728
3238
6030
3433
1648
5436
4026
14340
8224
2632
14429
3640
6799
224
13040
3915
11872
4318
13267
3058
87
6202
7349
10011
14216
4974
6034
717
3775
14935
3453
5663
5074
10953
3344
11546
10007
9609
9372
9915
12694
42
4716
6033
552
1374
8370
8491
8912
3737
14495
1820
5949
3762
3895
14142
2592
9251
8146
10530
10672
4023
7346
1335
10225
3782
8202
6457
13573
13693
5028
13327
4858
73
384
9743
2165
14485
14144
9964
14014
2042
1425
8885
11372
14508
12299
6017
8147
3332
6477
1658
2442
9934
8593
13205
12375
2360
4985
14890
9673
9568
6527
4574
4982
1700
8166
6836
4460
5755
3259
4556
6564
228
10775
7579
9333
9549
6605
6892
1476
31
5086
3792
8012
1898
3493
11304
6844
5784
4892
712
12196
6002
9403
2083
9911
10536
7747
8303
12499
7193
11765
12145
10725
2301
393
9698
14270
10514
5454
3314
7631
14589
10014
12228
10867
14255
3029
4698
2882
2407
7792
910
1213
2501
11384
2065
12406
5563
6219
3472
6743
7491
6546
5575
14182
6848
6012
11510
270
9847
11688
3918
11973
8963
7146
8327
9992
378
8308
13170
7084
4021
7474
9829
10045
14838
5000
6612
13256
10060
8854
13018
13552
9902
8500
2374
11131
13577
5165
9822
1457
5966
5067
5624
11087
2639
13231
776
10970
8937
5405
6702
1305
13309
11409
11864
9679
6876
9202
12962
8102
10272
5594
8938
12579
6474
6141
5622
13985
811
4485
13286
13618
13007
10350
3056
998
7701
8935
13605
1659
11711
8305
1838
6763
13097
4816
14212
7186
14640
9451
7955
6365
10491
3330
5113
9972
1154
10996
11932
10840
8149
5718
4681
5274
9285
5047
11343
1498
13422
5541
13307
2308
3195
4437
3874
10220
1711
11907
9863
9872
11611
1930
11587
9838
2266
5567
7826
11263
4078
3145
12220
13004
13858
6028
10990
2714
7823
2041
9937
5670
13484
4174
1916
1156
35
688
13449
13115
10727
4595
4959
14956
8478
9128
8059
12756
12497
13121
14754
5309
5425
2948
6987
5240
12566
2457
4281
3369
11689
504
2810
8743
13622
146
12223
5115
1989
4579
2459
1143
11197
6097
4292
5081
3707
7974
4118
5340
9030
11207
3638
7196
14696
5143
7987
8991
12867
10110
1743
6695
4528
10360
8153
12443
129
11390
645
12344
8494
4157
12854
9909
10558
11816
6367
6624
7221
4133
5495
5409
9877
9852
5138
13234
12637
2411
7488
6135
7642
1220
7896
14805
3375
6566
11571
14059
2090
1063
12258
12401
5214
2401
9892
10936
1164
7380
9022
12896
3023
97
3773
13445
5950
12445
2871
7480
10808
13526
11879
6534
14399
13694
13325
2538
10495
6451
6757
8301
7080
11810
2093
8263
52
12749
200
3785
3489
10021
2380
8190
3434
13574
3970
8603
14561
6790
375
12304
14690
5459
6550
12118
5239
6196
3552
8678
11543
7341
7999
1981
14486
7079
7504
2124
2927
2127
12384
12960
9528
13212
14056
7541
473
11961
14616
3629
6919
494
3178
11122
2937
4350
6684
1229
13876
12470
7001
7173
6426
14635
1567
11941
10279
1581
11415
14529
5576
12432
3149
13637
7181
4598
14759
996
13886
500
2339
678
9598
11798
10944
9417
9299
5125
9469
10625
2164
1010
13299
1548
3820
8830
13726
3430
12362
4814
12169
7450
12016
1714
95
14199
6080
6537
7390
1686
4851
13249
14661
9026
14701
13197
11476
4386
763
12785
5997
6160
12696
1576
12101
8429
5756
7132
397
1246
7099
4441
13455
12298
459
2588
2334
2463
12759
13508
14693
2896
13626
6775
6233
3196
5826
10040
3946
1004
4360
8983
14830
9304
5334
4827
2098
2709
4042
1833
1599
11544
936
5443
4638
2145
4863
10202
296
1572
9436
4811
5530
14457
12958
7014
1919
4578
7768
7018
13083
12042
12417
8063
11692
8069
7772
13846
12320
9707
9046
11786
11746
4250
6542
11626
3203
14915
8861
14904
6945
4903
9859
10577
10633
4587
3504
612
9195
12672
11709
9886
14609
1047
11981
7294
10259
9775
2731
9674
11868
9435
13006
12282
14998
268
14856
931
5550
821
5805
13890
175
1268
6427
5390
6823
14703
1787
2285
6845
3541
11305
11676
8845
1327
11777
14252
14558
592
4130
14691
14220
9965
6540
12712
4966
12425
294
4542
13321
2465
9206
5683
567
540
4674
1352
14449
11334
2473
431
1656
10318
8260
8889
3854
2683
11385
14962
12596
11010
14615
5583
14379
3282
6706
12897
1511
6596
12961
3111
5283
9865
3966
3881
12347
2795
5838
10579
14713
4022
13852
4178
5658
13836
1650
1197
14670
6615
6597
3090
5467
7414
9576
1043
1798
3098
5335
405
7458
5889
10584
10632
10734
11950
8424
14513
4415
13461
12143
3258
13811
14925
14301
12449
1300
3441
10915
12084
6450
9395
2019
4840
276
6941
8299
3959
4571
1695
1628
6800
3022
11781
2868
7440
9118
2886
7885
8918
2438
5560
5890
14975
10809
210
6896
7482
4973
5848
11525
11001
401
8680
5535
1886
5712
12662
14763
12652
2993
9144
10623
12590
7811
11185
14169
1852
8765
6665
9659
5540
2386
1587
4672
2883
9816
9616
13959
5808
5863
9974
11190
8201
3444
1481
12887
5392
7374
11966
10122
3276
1071
1217
1499
7559
14869
6177
8722
14412
3106
9704
8820
8724
2890
10828
5160
10135
5754
13554
14281
12985
170
9222
3673
9
10615
12981
10595
14934
12372
5664
868
1493
574
1855
10870
9922
14766
2849
14215
6283
8581
12407
3769
5209
13973
1296
11335
14139
2985
6585
13713
4420
8095
8082
4631
1807
14119
3525
13558
11142
11383
4818
3746
8417
2077
6881
5455
14902
950
12147
2572
14955
10587
13780
14203
12764
6237
14507
505
312
9430
6303
274
4819
11362
8070
13073
4956
5243
9501
11770
5603
6454
9253
3962
7252
11234
121
5484
6741
2996
12660
4450
765
517
6215
11244
4095
10748
1665
8172
5674
14146
1101
9380
6001
12786
2912
10604
2230
4314
5992
4138
14037
1183
2026
3350
11517
9484
347
4505
664
7587
381
7828
929
734
9851
9839
14762
8692
10006
14480
8629
1978
9481
5226
12822
2958
3856
3491
10292
9450
4493
11284
11933
4889
3105
9487
7425
13472
4626
5386
11894
7770
9163
8978
2765
7216
11472
1045
3708
2497
12122
9928
6948
8504
3613
6865
5539
7141
3130
13938
4522
12326
14055
313
12990
3620
5376
14858
1311
8339
10873
947
7949
14509
5980
11272
6582
14750
2638
11102
5739
6181
11090
9386
7492
13585
442
2773
984
7546
8905
7069
12772
363
6870
4291
8568
11655
4935
12311
6803
5378
14530
8038
3739
11478
2256
2481
7291
9537
7035
13533
12059
4057
5426
13152
11876
3001
953
6042
12421
1461
14075
9930
2943
4572
7746
4112
249
12075
12690
13542
14876
2716
2245
666
453
8834
2424
2393
2831
1429
1440
525
5089
5700
11684
14266
2728
13975
11002
10985
339
3169
14576
12403
12029
4396
8502
13056
4988
13081
4809
3596
8848
9278
11177
14497
11088
6207
6779
3837
4179
5270
6932
728
13335
10857
6112
14036
12438
3486
9611
6212
10482
14283
3011
3124
1098
13725
945
4512
13970
114
6163
1366
7490
1114
9717
6257
1876
338
10490
6562
9536
14368
11862
3085
2644
5861
9945
6308
7988
10129
2633
9823
8896
7401
7713
5059
3077
1523
5168
1412
9944
14003
5285
1540
10637
6328
9941
8060
14195
11977
572
14338
4513
12155
3189
10921
9422
14465
10171
1135
5613
11202
6269
4134
3529
3319
8606
2402
7066
8053
2412
1712
14732
6472
5999
6249
3984
13153
2146
2679
4549
7731
8567
368
4731
8752
10216
7005
315
9376
12033
1341
9895
6515
5382
699
13645
12843
8833
12952
2156
11565
6513
12354
8316
5836
10468
14007
7915
3250
1910
2247
2021
9113
13646
12674
6539
6180
5422
2060
11365
10907
2524
4507
626
14986
9818
11967
125
14000
1014
14424
4105
13333
9470
6570
8614
7511
6446
7513
7129
5347
10881
10099
13666
11056
2823
12448
10409
9958
1521
11276
5049
6489
4504
6107
8828
1103
5859
13718
2767
9027
7399
7473
2357
7650
9483
3463
6069
6991
3839
12982
2994
3377
5448
11521
11159
14187
4958
3139
588
14132
8859
7726
7236
12325
7220
9260
5162
1205
5014
5171
9057
8470
1082
5349
2488
7057
3367
9467
9362
1313
3740
9054
1226
11584
14405
5476
3689
5532
6161
14673
4948
9441
8639
7281
8510
5891
6476
8289
5827
11853
3600
9319
2052
8699
7314
7710
3817
9392
11057
930
2941
6680
758
5403
846
4361
8480
14614
6412
9085
13057
2630
6898
8992
1516
14936
4264
2326
4691
1435
3281
12469
12766
10590
6111
13918
2670
4777
7036
5485
9482
12367
6756
13667
10983
11495
3159
5263
9550
11651
5194
731
14505
3069
3161
14262
1139
13934
11560
1594
10760
978
4859
13129
9313
5036
5215
1655
5957
9578
13444
975
1405
1984
5502
6917
6372
4096
9700
7125
5819
2603
12825
11239
2887
11909
4897
2686
14969
13346
4418
855
7151
3526
1219
7449
8773
8314
6200
9950
1469
10263
1017
1634
9805
4164
9100
8447
9019
1835
1211
12682
6375
12593
8103
13593
11989
12091
12003
1162
3530
8163
1569
11080
11825
12284
10016
5589
8461
1542
8739
12799
5801
7540
8358
10753
3340
14880
3033
7308
8628
11199
13870
1607
1415
9887
11251
5716
8960
770
11965
10464
3692
13777
13730
10564
8068
4031
11098
9699
12048
11465
5132
10065
28
3352
1152
9602
11751
14522
2590
2640
3902
3591
6514
9582
1343
12814
3570
3724
13960
4478
3246
12790
11132
5256
14173
9798
5520
5032
14736
8693
11590
11671
3524
6314
13013
10735
2768
8980
12913
6223
3761
12656
11595
11007
5362
9963
9067
14194
14335
4411
13443
3608
1558
6816
9075
3521
9607
1691
6912
6518
5244
10866
4126
779
7067
1954
2348
12271
2139
6558
6014
3644
573
6039
14468
5227
14943
4567
2456
2237
13172
907
4518
1377
12136
8256
5919
14217
8405
7427
4837
3779
13298
9315
11253
10397
14113
12860
8627
3351
12353
4135
6455
1443
1253
9347
1235
243
145
5965
2580
5091
12238
1563
13696
8953
9332
11292
6830
3888
267
2543
6049
9759
1376
6634
2505
5411
12904
14304
4784
10017
7301
14716
10237
10762
6327
6433
10241
3099
5429
11545
5882
14683
13551
10283
12466
7846
2925
5064
10668
13661
2793
13969
12026
4865
8943
10502
1745
8411
4362
9881
13606
8685
152
5042
3455
12665
3609
888
706
6164
8635
1124
3383
8088
5009
13902
14897
1559
14718
11127
4183
14534
1298
6482
1551
12000
3505
12880
11194
884
3566
13125
6557
2583
3397
10586
12491
3658
5710
9267
8343
13168
9621
10778
6696
7282
3605
7904
8704
8702
5246
11867
12917
5748
8700
8936
5897
4391
8818
10493
9377
14639
4071
4960
14789
1602
7402
1972
14833
1150
11993
13294
12708
10497
239
11905
2462
3325
5931
6461
14967
2708
6658
14300
1492
13474
2539
5018
7420
2663
14630
1070
9370
6467
7515
6904
13737
2114
5003
13268
6411
2619
14029
153
5640
7855
901
12728
9955
8428
14427
3160
12363
13146
993
13255
8976
9345
9676
2233
1768
8382
14391
2988
11789
283
10425
191
8790
10891
13544
6158
12369
12255
9981
4509
7338
2971
6486
109
13847
14812
6939
11931
14406
14050
9018
10442
12539
8283
5970
5008
4760
7576
8714
11151
6008
5722
13354
14191
4552
13099
11040
1903
6465
12151
10826
737
11129
13965
3450
9842
8565
3024
3265
4642
12350
10200
1275
8667
9170
9604
13655
4912
11842
5767
11076
9406
819
3255
12676
11373
4375
14294
8952
4390
9660
638
3279
7963
12598
13343
2881
4562
5228
1056
5272
159
8191
8216
6679
4240
11262
3668
9986
10980
11354
8734
3688
11969
5477
14842
12828
8418
2968
8476
8081
9875
1679
4424
11667
639
7263
12388
5176
3342
9283
6961
1473
3157
13602
4242
2766
6122
6332
51
8292
9204
13119
10107
14996
7496
8225
12047
14884
12025
6654
3339
14776
2325
11593
10997
589
2428
11210
6575
8319
13942
11523
4392
8222
1958
2719
11784
7089
13247
10922
4422
887
11581
13362
403
7790
13432
747
11458
4488
2978
5202
14582
1951
12806
3006
7166
9028
5033
13078
13239
9507
8882
8100
2770
5050
14580
10588
12464
8451
3048
8894
10440
7300
7327
1918
7077
5472
7918
10210
9415
2704
8517
9448
12908
8760
12289
11273
3164
14016
10399
13583
389
11790
9320
2769
8426
12572
12900
7423
10879
6973
4823
5703
3051
4871
13724
7956
11193
416
12514
5528
5959
14733
6894
11805
4560
3663
14965
7204
13126
11347
7839
4511
139
2246
8518
6814
7039
10744
5979
2691
6439
2745
5141
350
8395
11438
7382
9548
14118
9310
7142
8400
5689
10256
4804
2735
5483
6188
9732
3315
8661
4543
8954
13671
2248
7814
7245
9750
12986
14209
13695
9626
2075
7810
11804
7865
9899
1585
3790
10888
11930
14099
9635
10662
5682
10986
4913
3617
10001
1283
11203
8948
2347
2995
700
8054
2477
2216
555
5913
9438
14689
2362
3561
13480
14167
3262
7658
9595
11916
8858
527
11260
10754
1850
10995
6666
5815
7055
6056
4165
3768
1873
995
7006
1796
9924
3030
7097
5802
8697
9155
6284
10439
3293
898
11958
5147
7808
3672
6281
4122
13292
3346
4684
509
7340
5054
6421
4554
10550
7791
7522
8025
10351
13753
9297
14594
716
1142
8233
12868
3398
13591
120
6109
1357
4050
8083
11153
12941
12977
10682
1681
12650
3395
14921
636
7755
2053
13358
499
2956
4950
11062
10508
4000
14293
12788
3606
6366
3437
12796
10791
2676
14045
13200
4715
5934
5577
3791
9346
12126
7749
4717
10555
104
12467
11914
4785
709
4491
1094
9428
176
3451
13031
8871
5750
7091
3010
14122
1116
6548
9373
10538
12778
6913
10863
14665
1583
6238
11254
11124
7060
10984
13901
3684
1641
6811
13058
4671
8987
10175
3381
14501
2194
2390
4673
2696
7703
13962
11294
7223
4754
1392
14994
12713
7932
3680
2589
8522
4564
6130
14724
4977
2949
1598
3508
9558
882
5865
4339
13878
10601
11192
9352
12014
5469
7
13285
548
12779
4329
11201
10413
9407
2217
2987
13515
8525
9112
10105
14069
2343
3587
7539
11643
6538
474
9119
1913
3424
7011
13628
6783
2888
12532
6312
533
7130
4953
7917
4282
544
2286
14402
648
2671
9905
5022
2628
1470
2112
2667
12969
2078
8919
12919
4008
14563
6744
8404
3732
1317
6970
8658
11731
3053
14493
5387
13643
13316
5120
6721
8488
5723
11361
14988
11871
7156
11431
8393
12608
1797
4931
11646
10385
11123
14940
2840
8444
14579
2977
13090
14977
6319
7824
2878
8105
5497
142
4147
623
11986
7872
7567
5345
13421
11393
11619
1789
10494
3210
11828
493
3967
7465
382
6878
14204
8035
10702
3476
9502
7283
12864
9706
12575
304
13217
128
6815
9966
6007
6133
8563
1396
10341
10266
14236
2404
13074
1383
12711
14409
13531
6491
1625
2174
14613
10720
12791
1915
1698
9127
12429
10197
10943
11430
9533
1375
5465
4581
14523
2460
2537
10908
14323
4313
7344
10951
13742
6011
3186
10169
805
9093
3951
1730
5574
14484
13250
1068
8810
255
14343
5781
12067
7092
14879
487
3112
1979
2103
2953
3068
4017
3734
13246
3722
1872
6045
7947
12698
1620
3000
5080
13903
4576
9115
6046
7607
6469
1074
8099
3543
5384
9885
8762
2445
7012
6722
9772
4853
2455
8
11721
5643
9197
2895
4346
2290
14140
6982
7717
8168
14599
6016
4884
11
14688
2928
2197
5899
1265
7500
6707
1288
11539
9357
9769
10023
5255
9229
9081
7266
987
206
8925
11928
37
2514
13773
12646
417
1478
11874
5860
3559
9498
10124
284
2338
13000
374
13433
3074
14375
9517
11422
9748
3461
5252
6902
6976
6703
14267
1562
10342
3778
5017
8483
3296
6737
11220
6565
10214
10444
10706
6088
7475
3477
1718
9234
13320
14117
7588
1830
10654
4776
11475
3611
7243
11992
13376
9237
12395
1418
2361
7805
7106
1208
8297
6808
9552
2782
12923
9211
9259
2756
8571
8462
2960
3284
12929
1346
209
1466
11947
10025
10131
12631
10243
8446
6077
4508
14682
4617
2315
245
5037
826
457
2991
2652
1940
7695
3306
4831
2581
4665
14912
8951
11807
11578
13043
3577
3806
5587
7551
2336
5339
156
8309
12899
6204
14076
11136
2419
4720
6343
12247
14263
12052
13337
4359
14827
13611
10323
2833
10080
2160
2879
7809
2984
5016
6960
5185
9135
12888
2596
11922
2110
7428
1735
7861
8449
3654
4748
168
2898
4467
11748
12364
7676
4629
10799
9686
13940
13155
5978
6754
9039
7990
11669
14959
13105
13536
5460
4919
3647
11267
13060
3216
1629
5427
7969
674
8495
10823
4590
6950
11605
10821
8640
11408
9142
3123
11214
7013
3699
12890
9123
12503
8369
5774
10255
13374
1949
6509
6618
4648
6420
4703
8199
6951
2504
12956
9177
5065
2213
10334
6984
6521
9359
10657
8421
3114
1501
1726
11310
1250
5203
9979
13555
13516
1693
4951
7671
14707
11174
14298
5288
14210
13428
6393
4967
5260
148
8594
3226
11680
7972
11604
5236
4917
2123
6678
9016
1815
9526
10472
2433
4156
10289
9763
2039
9182
6541
9265
14539
1294
11513
2222
3795
10635
8945
8774
613
11602
632
406
11875
7529
8112
6591
6437
9129
13070
14471
8877
13686
407
9569
1332
4039
2569
9962
10498
9553
1406
9545
6752
9745
2092
4311
12171
9617
2387
10846
9920
11850
12659
1543
3518
2707
10960
13779
1192
12290
11705
4053
13953
5412
12324
10313
6389
8368
4830
4416
6071
9330
6440
10322
1179
9074
13064
5261
10751
9089
8304
11020
7578
7257
8910
5397
13076
11105
11987
9226
10374
3129
9300
11970
6758
954
1557
2873
5994
5534
261
10227
1199
11482
11493
6385
614
10248
2025
349
13732
7172
8761
14
163
3568
4744
11821
1777
7690
6673
14519
835
7337
11623
560
11516
12348
14124
3094
3326
1857
5343
11345
7577
12738
12257
14850
8898
13149
11290
4119
3490
4825
9219
798
14463
11838
9921
107
1279
13322
13768
8137
9031
14324
8218
5096
2800
12061
7799
13198
11115
7771
5010
4908
3227
8644
4702
10837
132
5352
4660
14720
12970
7030
2040
12166
8924
5020
1299
7900
10358
10405
4599
2915
13798
14797
13214
10963
13937
5299
38
5571
7042
11359
11066
4146
2593
3545
8049
12008
3150
3212
2526
4516
9187
5220
10457
9341
4601
72
5432
3574
5678
3232
12137
11486
12159
10163
4208
10507
11591
1196
14352
4185
4341
4456
10763
7595
13982
11429
3371
14834
13739
6279
8789
4093
4363
3809
8552
250
6910
7225
13207
13466
13651
5881
8771
7648
1494
1756
2665
14104
5657
10845
5660
5191
13055
9038
6466
11884
3932
6148
5150
1687
14606
13195
8730
13984
10151
8328
258
12080
6940
6464
13700
6523
6801
5617
8294
26
5184
11287
1064
323
5428
12703
6259
9765
8852
12111
1483
11249
12441
5878
8258
12479
1632
8613
2203
2434
2081
8247
11107
8003
5189
13717
5582
4807
3109
13030
1421
1733
10731
9993
794
3807
11625
305
11264
11120
9157
5862
6067
13746
9729
194
5744
13166
9143
1971
8812
8725
12208
1731
2157
8001
3985
14115
11811
12128
13345
12725
7242
12600
1290
1901
13893
843
14268
6018
12368
13993
13145
14060
7951
14411
6248
12437
12233
10480
13186
4144
1465
10128
10264
12389
5733
10432
7292
7072
3575
3840
7555
11235
12569
6305
5254
13338
5694
2884
11450
7902
8434
12587
10974
7517
6059
9109
2205
11620
12636
2796
3883
12076
5357
4438
777
4479
10923
1874
1029
3299
14896
13123
7362
11079
4400
7712
13621
12551
1631
3510
6718
5060
2158
4486
7544
5116
12165
10975
12004
14991
4244
2227
4273
10325
3975
14602
4789
3133
11501
2210
607
1293
5653
13361
10942
5137
14235
4136
3167
4876
7901
6897
14598
14628
12274
10864
514
13971
10569
11934
1287
14296
7108
8050
606
3218
7403
11317
1314
3025
5262
8114
14937
4489
1532
10312
11041
12306
12416
12526
8745
14844
1917
5259
9446
12678
2629
7689
9215
11473
7188
7575
136
7406
4829
2191
11453
13026
5406
1826
3014
14021
2379
4433
10363
14472
3086
9897
92
14327
590
10459
13545
9245
11527
10162
14181
11278
9500
9521
7844
326
4991
10485
2228
13108
690
12310
11508
2673
14121
4232
9097
8672
693
5038
11851
69
12951
12905
5095
1706
12722
10973
5395
2171
8215
14642
4997
8235
9523
10217
11900
3467
9228
10726
2560
7802
1941
7613
8351
10326
1515
14064
10872
8120
2959
8249
66
8781
2910
10568
11052
8519
11610
9146
2258
11021
3360
8630
12475
7454
7570
370
11358
327
3494
6047
5832
1399
14420
4052
7311
5145
2034
11258
14851
6525
4867
2858
9456
12869
13482
3071
4003
8029
14395
838
5407
8431
1243
12408
13800
9587
3120
10664
1401
3479
1606
11222
14179
9243
5290
1696
7667
11053
5418
11826
6335
308
2723
10327
12967
6617
5830
4584
2475
11552
83
1608
10815
4782
14202
7678
13202
10083
14299
5854
9682
12146
14166
10506
164
7910
9311
11555
14246
2812
6060
1012
9728
4417
6965
6138
10972
6524
10372
6531
8840
3199
2257
11279
7043
6777
4448
9459
13657
12884
8929
2050
7866
14456
2289
1331
2604
14883
7780
13894
12055
1582
256
1240
4354
5169
11717
7167
13640
4502
11388
11686
6262
14989
6003
12465
1829
957
8776
8144
12162
665
2320
5569
9421
2804
5461
6214
5453
6997
11121
6120
7234
6379
8865
4210
5526
13789
14771
14592
1041
8115
2154
8323
9393
8064
7992
10052
8344
2727
7941
10746
7609
5414
9796
10911
8559
2668
12978
7471
11597
117
13237
6499
6818
4288
685
8835
4944
12007
9111
6568
3978
6313
11956
3229
11712
1362
9205
9126
1911
11793
2009
14054
6242
10267
13988
13581
15000
4501
5144
7227
9263
10680
4697
13656
8326
5726
4062
13930
1433
6460
4791
248
11679
13085
2451
5727
1328
8555
11698
11881
7214
14769
7580
3586
1165
12837
2919
11736
4553
6863
4839
9639
1742
5023
13596
814
6341
2947
8914
7160
11636
3096
6590
3780
4034
12360
13251
8554
12198
1680
908
14730
1118
11141
3556
3055
7429
3703
3604
11303
9787
1586
1868
5127
1932
7498
8695
4010
2852
3460
508
13786
6776
13810
9078
5139
8822
14476
7017
10161
9004
4328
14567
3952
14860
4743
4440
14806
6495
13028
5140
4266
5166
4446
5319
5257
3738
9575
2620
749
13396
3624
12478
419
3297
538
468
12901
12358
8387
10174
12328
13535
2780
5903
3256
12582
6027
7145
2508
14070
11457
334
6288
10566
12337
13785
9060
2372
8841
8778
14287
3956
2844
94
9689
5201
5874
7804
9819
5803
9754
7170
4027
11442
12873
2185
9280
5094
13627
11424
7906
14214
13807
6277
2204
9574
7447
13923
6481
11863
2413
8911
2186
6271
13334
1086
14543
13351
273
12168
5013
5655
11043
6882
13244
11078
12740
11173
2612
7235
11104
9071
2606
8288
12005
14760
916
11998
6307
3749
14831
7641
5131
13966
4984
13722
6698
8811
4669
1912
12218
12546
11753
14009
12915
13095
25
11340
425
9912
3007
641
10235
12998
2035
13291
2932
75
9929
9850
6966
923
9752
10106
1228
4711
14914
2299
13864
6983
3993
9475
670
4480
7366
5480
2430
2586
7228
8609
7953
6128
8287
7856
13368
3682
46
13061
5375
1996
10002
13682
14882
11979
5287
13956
10044
6162
5641
3019
2207
12106
5505
8046
11163
6745
2529
9860
11697
10165
4763
13723
4844
11170
6190
12954
6398
12511
9894
5662
9221
134
3863
12592
896
5500
13933
13242
732
6784
2033
4458
3219
13649
8178
2479
14345
1104
2168
7373
7584
11498
2169
11421
3955
905
8043
768
10582
9454
2926
10629
4983
10421
1379
10402
10641
8227
3402
834
8052
10224
5225
14853
12716
1003
1960
9114
1604
8098
476
6192
12525
14201
635
5359
7653
8452
4347
5061
14040
2004
11901
2166
669
14108
10114
433
9445
14303
11677
4548
11277
3002
8366
12556
13880
6520
5119
8687
3063
6403
13414
3231
5273
11797
6552
11341
7363
287
11912
7431
10362
6146
13826
2733
11406
10717
9936
3824
1673
11980
11737
7608
9506
4792
6884
4750
5816
2122
8306
5126
8550
6144
4125
12455
53
2094
1234
5449
5248
4005
3302
1645
13896
12940
11583
788
9649
9458
4864
4722
10207
13162
11447
4013
12043
8847
8014
8232
13252
9156
10779
10883
4894
5969
4610
7616
6360
3683
11542
4457
654
3610
3142
3618
11286
3373
14458
14745
10130
4975
618
10792
6740
12355
9652
9279
10416
3088
4145
6339
6731
8783
14795
6304
1120
1057
12370
1353
4788
3928
4780
7329
1776
4625
7530
233
9010
2818
4158
2808
7087
4848
3585
11778
7381
9978
2291
2648
4955
4055
3721
946
335
2920
7479
11538
7158
10223
3065
5398
12927
7819
14276
14646
8139
12683
5600
14080
5637
11704
1568
2235
5073
4873
8909
8545
14171
9510
14591
8590
3693
465
2551
12784
12065
4551
1624
3446
10824
11654
12992
4044
7148
12204
7769
12885
5292
12845
9723
2030
14474
98
9655
6124
13512
8615
12114
2742
12947
1795
14149
14984
11627
6686
13736
9141
3588
9321
12069
4276
3694
10765
4797
7867
1533
7165
9590
12831
5088
7233
192
7461
983
673
4759
1324
2553
8973
3180
13356
8984
10848
9509
7698
3401
3728
4030
11157
13860
8800
3179
396
5952
1471
2517
9238
9665
9959
4121
14917
9040
13191
5193
14863
625
9042
3833
9086
1011
5857
10517
4745
7908
5650
4928
1831
4701
9503
14071
1520
3514
14394
6643
221
14722
3364
7128
11330
4432
1888
7664
9184
11039
9794
5025
8349
8006
11140
14787
3273
10390
9164
9351
6813
5955
11614
11295
9984
9664
4828
12442
13390
7466
4790
13201
14032
1119
11830
6968
11576
11506
5458
10186
4707
13369
7119
6854
6431
2843
8706
6473
10759
14320
7339
1957
1132
10383
3047
4771
11633
11126
9721
7943
13827
119
3660
5885
12700
8200
13863
3625
12094
8106
1556
7859
4927
11092
10102
4190
197
7887
8223
4388
5782
7862
6266
14840
9401
4294
7554
7239
13912
14611
9102
3612
6641
2577
5238
12953
3438
14227
8212
9889
10153
3251
9198
11198
1895
5709
3922
780
11246
5676
4801
6068
7857
11687
1611
3783
1187
12583
12378
2470
5779
13866
8719
11144
12022
1524
5786
14442
5991
9845
12045
6020
2548
10228
7569
1490
599
6463
2554
12297
1923
10969
2801
4111
2614
11800
9661
653
4092
14780
3175
9813
8094
3487
11559
2981
9190
1596
5973
6621
3391
691
13632
7945
2627
13371
13675
14311
8085
12262
13485
12139
4841
10424
9176
9045
2736
13760
10825
8321
14942
5154
2297
12241
14004
7074
11769
10222
536
14717
1113
9233
13087
8086
10069
14781
11412
6023
909
1090
4373
1437
8486
12585
893
7277
1263
2373
8521
12036
10097
12699
7476
8737
14542
9317
2330
2437
5163
2241
4649
10913
14114
14234
13624
3228
791
8355
13892
7958
8646
3138
13932
2321
10275
5181
9867
9712
5586
5685
6285
13284
6807
9737
869
11672
3172
5702
9012
3659
5011
2975
10822
272
2822
13248
2794
7085
1595
10417
10945
9647
14337
9309
10869
13349
6640
12622
8839
5608
3759
5229
6384
928
675
8638
14933
5981
7393
14317
3507
10820
8427
4253
12640
6653
3784
11504
5350
2617
14684
14526
8901
10068
14454
2420
9980
13128
9293
5295
9367
6342
5642
9820
836
376
4020
4510
2178
2359
14648
9508
9003
622
1995
11196
4241
3971
9815
7756
10120
14372
5190
8802
11553
12229
9275
9248
6373
10757
13633
6694
2381
2024
14929
4666
810
4335
14312
2595
5177
2653
10854
12777
2528
1034
13469
14222
2225
11023
10410
13957
8866
6717
10330
1134
4869
5967
14928
1345
4906
12935
14211
3598
13062
11499
6119
773
103
225
2104
7422
2961
8907
13958
11160
5212
12984
11936
2416
9355
11818
4090
7596
10843
11898
9619
12313
10686
14647
12909
10109
1244
10743
8718
9072
10621
11561
10683
7738
9724
8234
3827
4385
6321
9334
906
12633
434
3059
2836
9090
7590
11713
9931
1859
10849
14254
10552
11401
11417
10882
11433
4766
8625
7361
1621
11528
997
14601
5549
6194
4773
11240
11046
10331
13312
2914
11366
8150
7997
1261
5625
6250
9366
1384
14347
7572
11158
8281
2366
11125
13672
13494
7891
78
6510
4962
13187
13504
7884
10201
3711
6701
13427
2699
497
4914
5179
10101
2137
7325
13727
4271
4482
14848
4064
11511
796
2170
9716
8755
14645
11612
8766
8855
11882
11808
8959
5790
14650
1102
2012
13477
8196
357
8927
12226
6733
3222
6171
11822
14307
4921
8252
5909
2355
4606
12397
8874
12134
1817
6614
4340
9722
7288
90
562
14092
2516
4998
10927
193
3046
12365
5278
12852
162
8208
7365
6101
8653
11238
12366
10732
286
2208
11027
2525
11081
12291
7629
11589
3983
12661
13378
14490
7033
5516
6231
9405
4073
14624
12541
5325
9913
1904
14025
9254
11507
2294
5597
5374
1100
1902
3834
3630
4427
6952
13669
9520
9432
242
14378
14604
9064
3225
12068
9284
564
2701
11367
6172
13079
11779
11391
4756
1882
6227
9906
6256
1508
14100
815
14285
8964
6646
7898
5053
4640
6074
7604
9727
6083
14362
2861
13106
1018
7203
9047
8206
7788
6903
11840
9021
1387
4301
9082
14964
11051
7347
14423
2195
12142
2535
663
7977
14397
5124
10570
11071
10716
3248
6150
6301
1654
4406
10520
364
3429
13492
735
8022
13708
874
3280
2647
13050
7000
7806
6563
13465
7237
14297
570
13305
14798
14137
12181
13683
3287
2175
14800
10510
9784
463
14365
7371
14190
10783
1038
11073
11803
3317
4874
13579
2695
6115
944
8860
12312
10317
5223
3920
3442
14829
14185
8312
862
3633
4757
9308
7265
10215
2754
2747
8981
9701
13142
1588
9874
7049
6587
861
12671
4461
4104
6292
4585
14626
7113
2020
13127
13098
8668
4393
10369
8675
5898
5907
9758
11562
10447
3813
9627
11836
3353
2389
3771
10534
1058
2755
6198
10145
11221
12314
4113
6715
10379
3870
6108
12955
81
1778
3531
844
12938
2623
8808
6173
11204
12891
1552
11169
3717
11266
9599
1724
13216
11939
13652
8176
10150
4890
10704
5391
10281
8346
3470
3661
10961
7659
2545
10296
1749
3889
14489
6794
12477
14012
4575
11223
2839
9108
10952
317
6577
11791
9807
13869
11678
8390
4557
4154
6136
4942
11100
10729
29
6660
11573
8731
3534
4405
11824
14679
14464
8219
5234
5825
10133
1944
9896
2031
5687
7654
1875
4996
858
3770
12098
13203
40
1757
4038
12480
13253
1637
205
1140
7798
4726
5199
6501
7296
4992
6492
6751
3304
14586
6699
1066
12488
2079
13772
10180
10336
449
7360
6333
848
3943
7813
14042
11332
13478
5797
4592
13874
10240
3583
912
9096
7508
130
8513
6044
5591
8257
7367
4099
10484
4764
12692
13510
580
9062
10925
803
13829
2521
692
9638
10026
2533
14715
3204
8688
10880
7452
11962
8415
14274
373
7159
10093
2797
11533
12053
9681
11509
14223
9212
3345
1976
12530
9188
7448
5651
10081
2970
8931
7735
8856
10937
9207
1670
8897
10557
892
2534
5447
14289
14708
4224
12586
4882
217
8650
7832
10072
12189
6134
10513
3083
13607
6644
11535
4380
2687
1131
534
13808
7761
11074
9223
581
108
7154
7249
11255
9760
10361
14663
9121
4182
519
3191
830
7307
3102
14783
14997
12780
14095
11370
3165
2678
3141
960
9669
12272
9335
13496
14808
14048
6705
10697
11957
10277
2135
7226
14825
8255
3841
9824
2395
4639
8324
9122
6682
9132
3152
5157
4635
3642
5930
5609
6252
3073
5296
11841
9803
3987
8460
3675
4653
13457
10611
10034
1780
6785
6742
6110
10384
9781
7807
10250
10036
2119
4283
3496
6535
4978
332
5584
1709
8033
755
13135
9668
3844
571
4657
3378
14176
96
11827
2283
12508
13054
9443
8010
1015
3067
920
14380
8759
3366
12444
11117
11536
1349
7059
13848
3254
2510
5778
2934
8141
1518
831
7278
11558
2392
14230
10889
14237
3100
6753
10020
12744
13608
2950
6833
10563
2591
2353
3867
231
447
4237
475
14256
3
11691
5066
9827
13161
4817
9165
11327
7262
981
9634
2675
11017
13731
4028
12677
2557
486
2292
2140
13136
8363
7573
8373
2817
1030
12338
968
9169
4696
13997
10043
11991
3935
3733
6629
14866
10148
12451
14680
14566
4192
409
4519
13688
8437
13426
14024
6062
10314
11047
4712
1862
7976
9527
9065
3268
12643
14373
4676
14817
5680
10460
10041
13833
5705
14822
3571
14039
1442
789
6766
7968
9925
8957
11740
488
952
11072
6100
11923
10676
8735
1386
8195
5986
3830
6254
9162
591
12058
9884
6923
203
710
351
10140
11109
4751
9397
9208
6337
3187
14752
1921
7871
7939
3917
14618
10258
13139
12841
7538
6183
9866
11312
4040
2240
9524
8126
11172
1033
3787
7903
13758
4990
6382
3301
7352
11095
7835
6891
8057
11701
10511
6858
6999
5200
11064
4051
6114
4500
2400
6166
11720
958
7550
10977
1744
12634
4211
13434
10320
2441
5342
8577
8121
2854
12096
11070
10707
7781
9338
13792
5757
7274
6832
1137
9916
1194
7812
5546
5996
8124
11333
4769
2643
185
12371
14120
4714
13388
6967
1955
7328
11065
8221
7061
12944
8197
2664
12724
1061
8604
11463
8705
4395
3308
3719
10803
5128
7983
6076
4473
6628
913
9277
13011
9440
14712
222
2902
5420
10232
1708
11774
7732
180
11615
841
1952
14503
8913
4781
11357
10208
4399
8562
9449
6123
11526
4229
8532
2659
62
6500
4680
1704
9646
11772
4091
3907
14654
7445
9648
7305
3473
9720
771
10806
5416
5601
12829
12685
11745
12584
7614
2494
658
6362
11316
10991
12629
2646
4306
13699
10678
13855
14919
8641
14388
5768
14574
6260
5804
14841
13470
8791
2931
5216
11371
7162
8831
8474
8543
1834
539
8276
241
5734
575
7478
12934
1486
2757
14404
616
3664
2610
11812
5766
1223
13442
11445
11837
10853
2344
4741
8751
14434
14870
4655
14953
12668
1258
4824
2559
7661
14177
14987
12102
13289
3912
9869
13567
9281
8320
5494
4045
13296
6061
7962
10993
2176
2980
13276
2485
6424
14537
3776
10836
5475
4615
8330
10479
7054
1806
4310
11152
8536
7637
7334
6946
4476
13282
11291
2541
2249
12482
8440
6470
5879
9120
8185
6616
2946
14549
7751
14483
6852
4949
14271
10817
725
5221
7599
13167
3359
10064
12765
3054
3727
6879
7674
8037
4199
4747
12392
10315
3548
860
11416
871
4293
6957
10078
7397
6713
6174
4517
6601
5389
11003
2809
9675
1663
2921
4014
2017
7051
8298
6053
13857
3945
13547
4076
657
2625
9137
6802
2172
10798
10398
9495
5021
6167
3592
5531
9382
10219
3656
3904
5363
11550
10038
2008
10847
9985
3843
2215
2491
7782
11675
8048
9954
8261
2269
3037
12006
8013
1713
18
11195
4259
3156
3979
4728
13179
5302
13077
8801
5824
8873
10473
9095
559
11857
6065
760
9762
3343
10236
10308
7116
4150
5410
8493
4413
8161
12434
6170
516
1762
3750
4066
1719
1260
8136
7413
13900
10529
2815
1950
5258
9236
1269
969
11997
10245
11757
4382
4538
1067
10293
8453
9298
2546
5333
2999
5326
750
7383
13897
13042
12420
12848
7107
6005
1297
7816
4834
3465
9301
4403
9457
3973
14339
5887
7627
9957
7591
7027
12148
3260
14704
1159
6105
3513
4106
6093
9426
7681
12021
2096
8367
10547
6553
13352
6900
8998
14478
5434
9230
10898
3177
10749
14564
4230
14450
12842
1988
3516
1938
6010
11233
6691
1592
934
10271
5134
1723
6709
2998
8723
11773
12015
12209
2599
9174
14622
4465
5983
5731
13856
7138
1618
6186
11577
1660
4084
3052
2662
12534
5519
13578
3506
13403
1982
6650
3285
11968
8832
7675
12963
2859
13314
13045
10205
12382
10612
9989
12824
6026
4168
8750
5820
13891
9742
7208
2944
11921
13497
8379
3614
2776
13660
5043
1534
3009
12893
7040
1616
11490
3836
11567
4401
14477
8134
7229
14431
9463
1450
9077
3995
4961
12232
12522
6768
6057
1597
10528
1281
11728
4123
6126
5112
14692
9593
847
8244
24
8009
13676
11575
12221
12632
14578
6672
4280
10887
429
11642
13243
10179
11835
9327
3808
9780
1334
5573
4302
9282
6154
10192
12821
5107
11035
13
7261
11843
400
10386
9186
6787
9987
12462
12182
8448
7426
14359
11750
11652
751
10807
7433
9107
1503
10673
7632
12087
11954
10265
10634
1462
7729
12376
6610
9130
6216
4893
10391
13927
5989
11945
7094
4462
5423
13712
3089
1130
111
11600
8970
9613
3812
4904
10805
7190
8826
10766
13871
12816
14832
6623
8205
2613
4733
16
2080
10773
2449
1136
4256
1818
3944
6309
5669
10574
2711
12127
4972
6178
7801
7174
14017
6032
10396
5995
7438
7297
5729
2410
5610
13159
7581
8236
5871
10750
8381
5048
1272
5247
12309
9678
12205
3573
2942
1147
7927
6448
13620
3527
2515
3569
3184
4677
14455
3931
1519
3897
11699
756
2835
13177
1037
12604
4257
14078
9733
4300
68
3158
11315
14544
6747
6000
8986
6179
2414
6358
2106
10608
3108
6607
1980
3066
10663
14753
2957
1019
30
14381
6635
4586
8767
3911
554
7564
9061
461
8794
8189
2403
14517
1277
3190
503
3947
8167
14714
6197
182
7592
8990
11890
166
2200
4248
1809
13406
3290
10181
8101
