2505
3808
6743
671
3202
4598
3613
2476
3227
7410
3681
1929
4715
6667
4670
1790
7356
4675
3189
1269
2224
7029
2087
2671
4442
7228
6385
7335
1147
6763
1202
6237
2894
4099
2360
2215
2364
787
3119
7099
4322
2735
2970
181
2010
6160
6393
6873
1127
3756
279
849
1402
7205
2951
4814
1321
3601
169
1573
1385
2959
1540
5212
3348
5372
5138
5716
2463
3023
3345
3418
1733
4993
6326
2403
719
4169
1587
523
93
4513
4524
1174
2189
1711
1644
183
7022
4646
4130
2573
3676
372
151
2686
1394
5248
1995
5965
5101
5087
4466
191
5540
2130
4157
914
7260
5125
567
840
7386
1850
5226
1042
7376
7320
2471
3639
3088
4779
5993
6947
6263
4746
7492
4987
373
3495
2304
7248
1116
1719
5917
2740
3996
3904
5602
5919
4360
472
2419
1652
4253
4968
3343
926
2988
6498
7225
1143
7282
5725
2849
4161
591
5068
1704
2556
1616
5067
2741
1682
4536
7027
7238
2208
2056
610
2742
79
72
6814
1931
3384
2081
3411
5050
6465
6588
5343
4096
1199
4040
966
5834
527
6555
4969
1184
176
5329
5705
2617
278
906
3301
204
2848
6122
6742
27
1364
2129
6232
5544
2792
2496
4925
1816
692
6768
3919
28
4474
55
2354
3208
53
5204
5884
2589
6364
2753
6164
3841
2996
4460
4595
1997
4583
676
7346
153
2487
6875
5152
2291
3960
3145
5797
2397
7472
2066
3937
4736
5649
2391
1226
1750
7169
807
5418
1487
6585
1251
1424
4902
3949
7160
1769
5010
1742
6850
5441
6546
5706
247
6397
2115
3127
5534
5910
1058
1642
769
3850
4134
4065
5679
3931
918
5285
2101
4380
3690
4111
3860
2674
4600
5020
2445
3448
4249
439
3078
3726
1513
6712
4290
1792
3814
1404
6372
6979
2061
6992
6319
2867
6551
4877
2436
1502
6311
2651
7039
1213
1551
6802
4949
1372
871
3177
1429
4667
3453
359
2809
2900
7128
5254
4527
6175
6388
3543
2681
4887
3519
3020
7425
7408
478
5395
6282
7172
6119
3472
3616
5692
5383
5661
4755
3876
795
5788
1686
2466
7077
3294
4039
4884
2933
7303
3634
6478
1406
705
3349
1462
4046
5980
5739
240
6398
3329
5567
3553
4551
2999
7407
2167
1120
2193
5081
3030
3394
479
5427
4085
6972
1884
3800
6648
1817
7436
4793
6262
1457
6281
3584
4628
4343
1548
5771
5893
5755
2059
5275
5228
3474
5656
1930
6307
3719
3794
4964
5714
5459
4062
3404
4883
76
5601
1799
2237
7070
7124
6514
1451
343
6934
4555
575
2640
6464
1285
5632
3368
6554
833
940
4705
6414
1171
2295
6438
4840
5655
4201
1912
6932
7211
60
2540
1016
842
4197
2011
5421
7007
4106
321
4785
3643
4102
7490
6030
3089
4093
3055
772
2288
4835
3662
6728
3892
4816
2341
2818
2004
7095
3004
98
4762
5271
2570
3273
7434
900
7129
2394
882
4896
4252
2767
4314
4878
4837
4287
1336
4768
2904
2118
1166
4163
6982
590
3952
6231
1723
2032
1448
4095
5216
3282
3655
569
3755
364
2750
6985
6077
246
5261
4935
3587
7078
1969
6884
5930
545
2593
651
3080
172
2594
4110
5457
5157
5895
2012
6244
4941
1413
18
2290
4894
3143
5483
5432
7106
1718
6942
6314
459
571
4537
1778
5775
5274
3970
4069
4599
3209
2309
5695
4298
3277
6489
6004
3465
3321
5304
6431
3026
1203
5761
6625
3497
5400
5518
3093
1265
1014
1334
1936
1675
166
5102
4173
707
2439
1729
3746
4082
5322
872
4850
1256
5349
996
4505
5881
1603
4622
5949
3856
3391
2169
4885
4473
1818
6268
2918
3812
4661
5611
3604
3806
6973
4459
2577
6963
1703
3817
1275
1944
46
6002
3155
2969
1872
1399
5452
6825
6611
4297
3419
3213
934
5557
1882
7246
512
636
7395
4451
130
1869
5577
1776
3932
3757
6860
5381
5588
1169
7024
4122
1977
2739
1891
285
5569
7381
7355
4577
4403
4692
5362
4503
5760
4766
6486
4547
299
7322
6065
504
1270
4907
6510
5758
5613
5999
4528
6099
691
3251
3786
3160
4379
4048
578
4645
4790
5085
2967
5076
1405
6504
2621
1011
3995
4006
5943
6993
677
7426
3682
534
4155
3113
4001
4888
634
5960
4317
5665
1838
5737
2301
1392
5110
1822
2759
3887
4398
843
905
4922
6811
1582
4539
4025
6054
3137
1403
6830
3825
1594
1693
4788
4026
1367
2624
1677
1341
4223
5975
3865
1557
4792
5147
5154
2657
3146
443
3270
1266
296
2599
3451
2410
3566
6946
6195
3298
3150
776
6001
2163
3461
40
2793
250
5046
5977
1856
6284
6148
1158
5759
6352
4973
3833
2398
1449
6446
205
6477
1851
1008
6631
4481
7219
4362
6420
2543
4329
2857
2699
1033
108
2113
7494
5619
3112
6207
3816
7387
2335
6668
2278
1076
4678
3269
1811
2726
5182
1075
2633
946
4904
1407
208
5364
4426
3051
2502
179
6305
1454
1762
4749
238
4822
1214
5764
3066
25
6032
1137
3739
1339
6592
3747
4876
5469
919
1577
3778
5574
4791
4643
2142
3658
6721
4783
2769
6563
4619
3946
6105
6503
5731
4946
5491
2635
2181
515
3623
5260
6560
2777
202
6521
7304
440
1386
2800
1898
2705
1186
1656
5512
1696
6127
2846
3147
3619
7148
4008
5605
3377
2226
4567
1495
3033
5213
1993
2086
5477
4081
5262
7
5084
3821
3047
3325
522
1304
2638
3250
390
1578
6361
5236
2721
6754
6707
2896
1421
1535
2105
2315
3072
3675
1156
785
6091
5393
1468
7394
4184
1168
7200
5713
2310
5328
6321
2083
5153
485
244
3278
329
4115
858
3924
3516
5680
7117
5587
3699
936
960
7360
529
2420
2401
4079
2751
2374
932
1699
5290
197
4859
6346
5573
1588
4331
950
4075
1416
19
5920
5537
6095
4285
6896
2472
3062
2038
4255
3976
6112
5198
4633
1744
4294
7339
6826
2991
6762
897
6548
5340
1861
3338
3764
5813
1300
5140
5766
3785
5402
6348
1212
4672
6692
2821
1879
5183
1379
2306
5572
4268
1954
2095
3807
968
4819
5146
5830
2925
2063
6745
3386
7301
4677
3796
6533
4383
4004
5012
3297
7274
1952
7176
2843
3074
6939
4247
5366
1315
6455
508
5842
2292
6606
1567
3935
797
698
3631
1150
5150
6957
3263
5210
7156
5129
409
188
3253
377
83
6036
4440
6591
3299
2616
2844
5922
6387
4431
5222
5378
7116
505
1307
1157
4395
5360
434
2682
100
4273
331
7439
2994
5159
5874
7345
2333
5181
6719
6900
5578
2368
15
6731
2608
5584
3341
7123
6239
6685
7166
5435
4032
1783
6936
7469
3801
2050
836
4983
3218
2219
1026
7199
743
1189
5443
3852
7448
5942
7028
5093
2262
5355
4438
845
6415
3450
5282
2864
5326
3393
6714
5474
7120
5670
6670
2440
2906
5948
3881
5652
4422
5030
3403
2670
3070
6134
1875
563
6723
6310
1555
2190
7048
3186
7114
2839
2372
3905
5197
2073
3947
5175
292
4347
4386
4809
253
6142
6983
1391
5189
1903
3945
6382
6697
129
1297
3335
2162
290
4211
1550
1128
2334
6151
1922
6121
7056
2838
3412
3697
5413
1646
2938
6797
6221
271
2003
2859
2644
650
6302
6021
4170
2257
3350
6516
3934
2814
2948
7243
6658
2899
6170
6885
5543
1602
2321
497
2550
65
7465
356
422
5289
6604
5279
1887
552
3526
7042
5717
5643
5449
2183
1274
3139
5888
1835
2603
226
442
4393
7344
5718
5986
2336
4128
303
8
5928
2481
666
922
2380
7293
6922
6225
2661
2830
5118
2362
6167
1797
7229
5868
2668
663
2275
835
1244
4439
538
263
2763
6569
1247
3978
6378
2816
7108
7415
805
1516
3971
3717
6371
6564
418
6651
7111
2720
3115
4428
2979
5080
7174
5119
5633
3225
5907
2330
1456
789
6098
6816
2514
2521
7326
156
4944
7231
6390
6183
3156
7430
2447
1459
4500
1125
2216
3948
5806
6842
2096
7142
3575
4535
3951
5687
412
2559
4364
1678
362
507
5059
138
4363
1970
6084
3254
470
5086
6343
774
2157
6016
3242
6732
406
1034
5414
2595
367
5819
5301
2834
3487
7266
1571
734
7149
738
6324
5886
2418
4396
3972
1480
7297
4701
6432
5749
1740
499
4370
1662
1410
2623
548
4497
4486
7006
7334
5246
6192
4121
2615
5377
5211
4165
2137
4328
6865
1049
1990
2236
2134
5908
1777
2714
6912
7237
1152
6490
6846
3437
1539
2212
4226
3829
2565
5913
6914
6644
7119
2611
1207
2251
7341
423
5098
732
708
3265
4150
6249
357
1294
3188
5373
6058
3674
510
884
1771
6737
2187
1859
2313
2868
5672
2240
7443
7347
38
6285
4774
428
1436
4414
5466
655
3312
3980
7171
1937
4637
393
5779
4753
6562
6537
5309
7488
5158
5379
491
1514
184
619
4136
2765
541
4806
5805
6708
1142
806
3695
3744
2442
7137
5336
2619
5642
3920
3552
3506
3994
4989
3232
5640
3689
7146
6960
1360
222
1694
4202
1344
1357
6820
3735
3187
6553
783
6157
1919
7314
5391
5789
2889
7151
4502
475
1246
4938
2475
6199
5641
3380
1080
1935
1136
3597
2112
2231
2492
986
3449
4376
5510
824
5786
4880
4152
6008
402
1958
3842
6966
2873
5425
5650
5914
6849
3475
6316
92
4493
113
7251
5353
6971
4105
2116
5091
6603
4972
3296
3011
450
2622
5221
354
1968
388
4787
6028
4738
2477
5169
1537
3651
2987
7087
1690
3303
3890
1228
5555
291
553
5100
804
1417
4653
5704
1022
888
2325
1862
6358
6647
3567
4357
4796
4123
6087
490
1684
6950
3484
2639
6491
5880
1234
6628
696
3709
5730
6289
3136
6686
3228
6683
3859
3928
2680
1692
4726
7321
781
6047
5481
6327
1832
7138
5723
2845
187
7370
1988
2747
3458
784
704
4010
7227
3416
3792
6910
7044
5047
5832
4390
813
2486
532
2064
3363
3130
1225
886
3000
6618
143
3830
7368
3344
4308
4023
448
1786
2666
6308
6055
3133
4417
2102
282
6444
3628
4716
3171
4351
1950
1940
199
6406
2025
3206
2801
6626
4425
2242
1651
5817
7240
3181
2425
812
134
104
2048
5945
7212
4129
5664
4510
3271
126
5243
5281
3897
6261
6474
1355
611
6234
2911
2085
4839
1825
1497
3921
280
6454
4455
4019
2270
1592
911
2405
3169
6935
5176
5270
3068
2049
3637
1803
1639
3609
6761
5180
7244
127
3077
1627
6969
5341
2717
275
6776
6396
3114
4341
4429
4012
3400
722
24
3315
4909
2289
775
3822
1972
6270
2944
3456
3153
586
1784
1069
3950
817
2949
6674
3954
6801
3267
556
1492
2220
88
2820
3607
5621
2136
1899
147
6350
2518
5823
5612
3888
5339
1241
5096
7277
6832
6974
6858
4772
6264
3969
6627
3975
1455
4945
3224
6430
2659
7002
85
6470
5156
2019
6439
3281
7340
5769
3044
2296
6150
3063
1078
4193
3165
5485
5682
4846
6339
5052
7098
3828
2057
7072
3378
520
6130
5456
1003
7236
2876
757
125
488
4305
4066
6641
4638
4823
2168
2355
4676
742
2883
5374
1701
3488
3211
6428
2008
7051
6027
6296
1552
6153
2376
4203
5825
920
1198
4709
6851
2312
6852
1318
3772
370
5624
4318
4634
6198
557
4592
5480
6766
1566
3266
5445
2099
3207
7323
5490
6788
2016
5767
6567
219
3205
3730
2998
6049
3679
7498
427
6920
5694
5707
6878
4873
6136
5887
5981
7485
963
4319
2005
5063
6123
1798
4553
4192
2628
310
1735
6583
6529
706
236
2835
119
5724
1870
7110
690
5792
5149
3096
3059
1545
3671
4862
5051
3081
6713
447
1211
2517
4324
598
2444
4660
5031
6013
2409
4556
1335
3102
3848
6791
6126
142
3500
2576
4636
2276
333
6359
2205
4446
3736
4506
1905
4365
4471
5494
7253
3036
1564
4306
215
4238
4464
1414
7181
7258
7112
1629
5220
7145
4697
4868
1259
881
3710
209
3323
4368
2111
3310
4410
639
4402
7327
2297
995
6694
1779
4280
437
2980
5552
7318
256
1743
830
6115
5238
5878
2456
339
7423
5139
2037
700
3644
105
6401
6208
2264
3754
1130
3374
4418
2892
643
6889
5008
3054
476
4810
2358
5782
4339
3530
1112
2108
6090
5267
994
3362
2847
5646
750
2538
5073
6041
5728
761
2985
3504
7409
3528
4101
1590
5827
2810
159
2530
2438
5426
3065
2532
5594
460
7141
1531
2613
647
2450
6587
4003
5016
7004
4988
5358
6866
4009
688
2495
6236
1206
1284
3304
3534
3922
6535
323
1880
7043
273
5120
7357
1508
5334
1979
1447
5608
4812
3799
4581
5869
3787
1366
326
2343
4926
4875
5171
2060
5033
1568
878
5299
5560
5539
1072
962
3509
2914
4576
369
3459
6760
6074
6100
1756
1332
69
1753
5151
4409
6213
360
6678
2469
2504
6997
5493
7417
4546
342
251
5186
4144
5124
4107
2196
2797
6666
5014
444
1570
7040
6075
495
4340
2653
6575
4663
1712
3840
4977
4222
3782
1261
1641
2732
4776
2266
4714
5160
5192
1559
5242
3204
5044
542
6709
1292
1035
2287
3866
4448
7276
6711
6536
4679
2415
4245
6460
597
5296
6664
1688
4289
2567
5234
3748
3125
3698
7209
5604
3789
2042
5162
1491
4952
2829
5653
1302
4834
1218
1440
2983
2337
1624
6210
2748
593
7018
999
374
1023
4728
4454
3933
1290
5967
7067
1264
3470
7343
1983
6394
7191
3485
2888
7280
622
5954
1913
3893
1890
455
2198
1846
2160
6819
4830
2254
5429
2977
1490
4208
2464
5004
551
7333
5424
1105
866
7382
394
583
6907
3652
6092
5971
4516
2114
7313
4145
1914
1593
3480
3625
2920
5371
2975
5829
2960
6633
6921
4974
3245
4325
3758
2802
751
1963
6917
5406
1615
4286
189
6862
3182
4299
3476
2852
3529
413
5133
111
5107
2664
5902
2549
3642
7047
6981
3900
3038
6404
5561
5962
7017
6161
6779
4472
4452
547
5311
6443
4740
2826
6715
652
5165
268
229
4198
351
1145
1546
5397
6823
1866
6725
7330
3233
4359
3962
2963
2725
5509
6019
4210
6954
1331
4620
568
7097
165
309
1614
7389
4060
1637
6738
6991
3243
1280
3396
3902
6219
6283
6994
2648
4658
4196
4151
3414
2881
1697
3508
7432
931
5956
6705
7286
116
6485
566
289
6331
480
3353
7115
2875
4732
1957
977
3290
3166
5002
3423
3027
2412
2356
856
445
6317
3421
2764
661
6475
7096
4113
560
4087
2984
416
3327
635
2378
5070
1411
1062
2473
3039
2302
110
7136
1764
4752
2884
2165
1484
3770
3483
6063
6844
6508
6258
3067
1102
614
3635
2046
6417
3720
4369
2383
5627
6790
3024
2489
3706
4027
1760
2711
3626
218
5017
5265
1839
5384
5935
1924
4943
624
4603
401
4929
3222
6046
6996
4022
5361
1328
1427
3099
1843
7180
6749
788
5648
4742
2322
6294
180
2629
3234
1504
1101
6796
4089
915
6357
5040
5272
1917
6924
4694
4739
1408
4743
3773
4575
3311
3010
3203
1814
5815
2461
6809
2021
5380
6818
3715
5850
14
2781
6566
7001
2234
1485
7338
243
3094
1365
13
3410
6580
1004
3737
2474
2694
6277
6436
2778
3636
3123
6572
2428
4853
5710
4957
2678
1039
6128
1024
2509
5078
640
6645
4229
5359
1048
5127
5117
4204
654
1041
1351
5595
4548
2854
4098
1374
7278
3718
3745
338
2510
3287
1947
4914
3434
3370
5576
2656
662
2413
6257
3826
6834
935
6941
4212
2524
1721
4413
1583
1720
5603
4997
2232
3110
5104
5229
2993
6582
1082
203
6086
1369
2043
2905
3578
3991
3193
7076
3002
466
5470
385
6471
4333
2533
7421
3576
3974
4635
3803
2972
603
7452
5404
979
1807
21
2243
5772
3734
4011
5454
6299
454
7380
713
7023
3955
5701
3360
971
5408
7332
1135
7496
5719
325
6649
107
5082
4841
3219
1255
328
5288
1628
1961
3357
5811
537
5009
3042
7475
277
2173
4321
1715
2228
7015
3680
6748
1286
124
1461
7256
3562
6445
6517
5754
7324
6547
5721
6222
1667
1576
5807
227
6070
6527
4470
5502
7358
2235
1767
6968
6964
7484
6868
2831
2437
2465
2779
6181
657
686
4109
1197
2272
5230
6005
2375
2665
2485
4392
1730
2261
6320
4731
2646
6145
4059
2734
136
2855
531
5255
5513
605
3285
7030
7082
5060
3043
2092
4028
5903
5268
6376
5676
1836
6072
6769
2399
2459
6
2625
1175
6409
2560
3716
3653
4468
3685
4397
304
1932
3129
3573
1833
5468
4387
4552
6654
2256
5808
7194
1943
5590
3574
3154
4882
6334
3608
1852
1037
6798
4574
629
2293
1312
4507
5312
6109
6688
237
6093
7441
4708
857
5990
2706
5501
4644
3018
2592
6200
1806
2479
3593
2815
1959
3741
404
5950
4186
3731
6775
6857
103
3540
2895
3537
6643
2614
410
3834
3288
3108
1657
4056
7064
859
2022
1860
1955
2109
3894
6509
832
3666
4488
3433
5937
3379
1617
3532
2654
6252
1071
3656
4092
5090
5677
6328
414
2282
2132
5428
4611
7037
5777
5320
5554
879
3836
6068
168
3
3918
1901
758
6945
2774
2931
1163
668
4838
513
6602
1442
4146
3272
2390
4921
6422
6727
7369
429
6795
760
2089
4243
3262
2647
600
3478
6576
4063
3342
3045
5431
4114
3141
6274
1808
6520
1353
3591
628
5385
6502
1894
7009
638
1596
543
3302
2850
602
2123
1190
162
186
2036
7445
1121
3548
1660
7461
5244
6919
753
1521
3200
2798
3857
3630
6770
2281
5688
1927
2692
1192
44
6209
1044
3022
3522
4216
4951
4936
6064
4205
6139
6149
3028
2051
5639
1060
2612
5854
3283
6380
3559
3035
173
3142
1230
3979
5141
5415
6215
5770
5112
2072
121
5593
6271
5923
7365
6780
6903
5637
3993
2277
7033
6500
4967
2871
5860
3725
1599
6233
1758
4244
2149
618
1939
4242
4239
2840
1382
984
6367
1050
3926
3851
1554
5523
3588
425
4928
1830
4335
3579
4874
3292
1768
3382
446
334
6908
5422
1815
1749
7329
3060
7271
2620
5416
3005
5814
67
3557
346
6544
2513
6022
2200
365
731
4231
435
3589
6107
2957
5559
3512
6642
701
2090
3239
62
1114
6905
4478
7233
1090
2316
3135
1159
745
6915
3536
3768
5526
2506
7481
6559
6053
1036
5856
6923
6306
2718
1785
6680
4190
829
4917
3041
2180
3276
1400
4612
3751
6690
6675
1966
3496
3765
4131
1695
6421
2515
5877
1257
7188
2283
6876
2426
5144
2026
4378
3168
384
4563
4278
4533
1980
4323
2107
1104
6720
4078
7489
1788
7354
6309
3798
1194
2062
7446
6203
3570
1314
214
5024
693
5855
3763
6332
6630
3003
7454
1881
2347
2879
2249
6191
7281
6138
1579
4745
7063
6024
1584
3255
4076
6987
4629
5909
2627
5099
3008
5346
684
1140
1476
4616
3492
3777
1920
7310
7161
2887
3436
4490
405
5751
6750
6135
2204
957
4361
5218
7036
3295
6793
588
5315
6677
3428
4820
1904
5037
457
2263
6970
3308
3427
2119
233
1231
4487
3790
5128
224
5575
2965
2862
3965
2897
4303
2352
4267
441
5750
6538
5972
4382
3441
2435
6429
3086
7000
389
3339
6276
6051
1363
5223
1317
6540
2121
5464
5864
2386
2239
6354
1099
3769
1183
3558
3990
3891
1473
376
608
1828
4671
6813
7175
2133
5167
7150
4684
3117
4057
4456
3157
3877
1423
6848
4465
694
4815
1916
6930
5492
6961
1098
82
1525
530
943
5924
5256
6391
94
2986
225
4015
2184
3505
594
3880
1739
3131
4262
3871
1925
6484
1359
7144
3268
248
7186
6778
4986
5921
6877
4313
928
2788
2188
3095
1063
2027
3337
1239
6412
1994
1301
3797
5911
1254
1946
2176
1986
992
7396
6400
2861
5622
2939
2030
2035
1991
2457
4771
2150
4557
5939
6196
201
5744
1665
7378
670
6673
1732
3019
5763
1945
6254
1313
6710
2206
625
185
6913
5905
2667
4531
3711
5894
2324
5938
6335
463
2396
4020
2787
2369
1748
4950
1467
155
5335
6389
1581
3569
6458
3196
2320
6984
4560
4094
3015
4055
982
42
3395
565
2507
535
7342
6147
4932
7388
6771
7295
2279
991
4959
3111
2971
4494
2077
5376
1921
6904
6524
674
4940
645
1250
1482
6156
6101
1310
7069
4000
6601
1219
3121
2929
195
7348
2363
5323
1600
3953
2361
6113
2535
4754
3541
7416
7429
7308
4911
1242
4847
6253
3599
4886
7190
2047
4631
6650
5521
32
3092
4475
5108
6571
5916
1635
6330
58
2832
283
6657
1293
1640
1387
5538
6523
5021
646
2
7284
4971
894
827
907
5765
6897
5307
1608
1791
1303
1000
6158
7404
3491
419
2402
4976
1606
6902
5440
207
4639
4912
6424
1787
5217
2448
3274
6600
7158
4522
7026
6890
1865
6078
3174
4512
3973
4250
5029
2373
6014
5163
1191
6399
3957
712
7482
3939
2548
5263
2202
7319
4519
1172
73
3163
3687
7450
4712
1091
4756
7086
2731
5386
4492
330
1438
2660
6251
2055
7255
2084
5700
4699
4175
1070
2093
5224
2207
6620
1565
649
7020
6653
5407
4479
7245
1820
3691
5215
822
7379
7131
112
2122
6929
5310
3326
4246
4920
4927
1886
2424
5484
4984
2827
4433
3729
6696
3198
6060
3372
2201
3845
7437
4283
5663
1713
4685
1689
5083
6800
6781
5105
308
421
6137
3006
7034
2806
4483
7433
1810
5738
4654
2602
403
2755
3408
3743
2446
675
1252
4014
211
3191
462
6519
7092
5264
6916
1658
623
3162
794
1043
2922
430
3966
6824
3354
1327
493
5647
2585
6223
3732
5940
1324
3442
5852
5582
7263
2248
6804
4447
1282
7094
7132
1380
6166
4829
6784
954
4086
6590
2131
3809
6639
6395
1766
4737
7003
4326
5287
1133
2743
2135
5294
876
7497
3861
7257
4965
23
4061
5660
3767
3447
3672
81
5178
1273
4354
6370
4054
5734
3246
7060
2823
3494
3916
4953
4759
2727
6214
2902
2547
1532
5525
1396
4018
6717
2001
4508
1398
2124
1948
7422
3330
6168
5303
496
4356
2632
6931
6872
4767
7049
6817
2783
4916
5618
6182
5219
5615
3291
6752
6665
2536
1097
6895
1626
242
3381
1032
2558
1160
2179
6869
1122
5075
4621
3603
3621
6267
261
6162
2890
883
7104
5599
4033
3936
6948
2807
5941
7105
5558
6405
6612
3858
3087
1941
3722
2581
6235
6565
4149
975
1113
2995
3101
2326
4045
6241
6684
7495
6097
6853
6574
298
1148
1633
2804
5062
3457
1556
596
7392
4996
3502
1619
6035
3914
1976
5671
5966
5280
12
1867
2221
3791
3507
327
2503
2365
6507
3435
2605
7206
6042
6863
3983
944
3753
2018
6280
6029
6323
6322
2544
7291
6512
198
5549
6577
5036
3328
1489
5295
4147
5708
6482
7103
4344
3661
6045
3185
5455
2551
3544
6635
5348
562
5003
3300
5600
6392
6881
302
6938
1193
6351
5111
1055
5368
808
4682
6901
1752
6217
1873
4282
6882
3704
1057
3527
921
4237
5875
923
6083
6593
6410
6291
5722
3454
633
150
2286
4798
1892
2913
2675
3194
6522
2836
3551
1240
3469
5172
4845
4432
1185
5570
4337
1878
1180
2033
748
877
577
4641
1395
2561
1597
4903
5203
5130
6124
1469
6597
6691
7230
2880
2265
1446
5541
1267
7154
5837
2719
6349
6867
1028
6379
5054
194
6377
779
1051
4281
3466
1129
735
352
5892
1499
5620
4627
4590
4893
6224
366
885
4097
1707
2522
7173
1074
6741
5790
2870
267
2500
1655
6558
3128
4804
4408
2127
5043
1371
741
536
50
5135
617
4844
133
2696
276
5690
3237
6286
5137
137
703
3617
3843
4626
1337
1320
1562
2323
6940
274
5961
1149
484
5836
4578
4729
2713
5933
6782
300
29
16
1453
1236
4860
6089
4372
4824
1383
5237
4604
4910
1821
6141
3309
3481
6735
2191
6056
6000
3517
4029
1625
3258
6290
6746
424
3832
3911
2693
6288
581
2947
3959
4462
2642
2024
5187
3424
3665
1726
3336
7143
2223
4963
7375
4221
97
2760
5013
4534
6911
6133
4982
2580
6839
4174
5527
6918
4707
6894
4778
5530
3633
1745
3819
2462
1982
2587
5617
6481
2586
1747
3549
6953
7153
1805
3159
5614
3148
1774
1938
3838
2976
5
3173
1520
3956
2423
2345
5564
6238
2822
4808
6864
1649
7011
1430
5745
6069
1316
5412
6550
3985
689
3849
5499
311
2555
6854
3355
3565
458
2271
7384
2757
2828
526
5631
262
489
815
4744
5207
1572
6411
6044
5800
1953
5488
5964
5899
3498
4194
4980
3560
5727
4141
2865
4998
6757
6206
3056
61
2342
1601
4164
5028
5277
1526
2255
2006
3397
7038
474
1527
1789
3195
5170
1349
5145
1052
5394
2227
2756
5350
5126
6808
7250
2377
1441
823
4042
1515
6287
559
6937
4407
6621
4139
1900
1066
4125
2350
5828
270
642
90
4693
3031
6726
6050
6073
3501
2458
2031
952
345
7419
2716
2359
257
5798
4233
2068
1906
1061
3647
7213
1018
2790
45
2253
2596
4723
4108
6416
433
7222
2669
5675
3582
5579
4404
726
7135
6003
7031
4090
4031
1877
3385
4757
1951
1698
4725
1426
5562
6556
1631
4260
1923
1978
1397
6689
7405
4300
118
3901
3118
6827
3064
146
2091
7418
544
4610
4545
5862
6159
2434
6081
2431
4302
7288
2478
572
64
269
5240
4934
57
7337
3289
2563
1501
948
2154
3846
5867
252
5486
2878
1736
5155
5580
6479
570
7055
49
3535
4647
2329
6463
2493
3214
6373
7170
3714
6188
5989
115
4842
5114
140
4214
5115
2528
1319
4168
766
5851
4673
6435
6989
5116
2886
949
5844
6312
4541
4589
5522
4220
5253
1361
1015
3199
7473
2604
2158
892
4669
4818
3805
4849
7184
6403
1409
1170
4948
7457
2562
3124
4293
6828
2935
528
7066
7361
6786
1770
3244
6448
2566
43
4706
288
5032
332
1
1775
550
6998
5342
3740
3340
7371
4526
353
6581
1809
6425
2470
431
5796
853
6579
998
2930
771
4016
2598
5000
340
6526
1176
4901
3831
5872
7406
4569
5768
4632
6179
1848
1205
5931
2841
4831
2314
1999
4879
7401
2772
1233
3640
6545
5122
4937
6676
417
5356
5131
4071
2407
5286
1630
4947
2153
658
1780
6468
7089
3986
5375
5411
4381
4630
4310
1755
1025
4467
6759
1897
929
3941
7242
1829
3942
2903
7214
386
6598
5757
4180
4213
6718
6034
1458
6413
1802
7331
4153
965
3238
1248
6812
4550
2194
4720
3413
4821
2007
909
728
4258
2233
210
4518
2002
5233
2338
1106
6589
182
5636
2422
4133
3473
1987
2000
2065
1177
1235
5487
864
1306
6172
5533
4591
2927
6102
350
3482
2260
7399
221
959
539
4177
5231
3853
2366
3963
1801
5984
2148
5741
3683
1500
344
3021
2601
1503
6659
6071
4034
1541
2155
398
3107
190
206
4889
938
6871
1017
3373
1569
6840
2497
747
3854
1700
4117
506
1308
2245
2945
6888
6433
1967
5423
163
4188
4851
4443
5019
2041
6810
7195
4870
993
5284
4350
3259
4674
2120
4664
790
322
6561
3839
5821
6279
1530
2917
665
4358
6962
1598
4956
854
3314
3084
1333
78
4434
1444
2738
3365
2388
6501
7296
3499
1827
6614
2926
604
6703
1586
1673
5953
1609
3667
2697
7336
2298
4758
7306
7372
3700
1108
6570
5241
1962
7362
3863
626
2416
6619
2795
6342
3116
861
6704
5634
7189
5957
5177
5740
7118
260
4710
616
720
249
200
2210
6701
2171
683
863
5168
7041
7471
1842
5516
1330
4763
4044
6525
3098
6057
3415
7155
6418
983
3016
4002
5857
3766
5654
4529
1574
6220
7275
6928
7464
5963
7218
2138
1488
1065
1728
3052
4532
3440
3925
2023
4975
5025
6836
6178
5363
5345
1989
7491
5565
4852
4345
1782
6009
1558
4256
3912
213
5313
5022
7045
3318
4058
4160
4866
2209
3602
5297
3091
786
6663
5023
71
3513
1217
1824
5495
7412
307
5367
1650
7019
2863
2529
3944
5405
1563
7053
1401
3057
96
6061
6300
4748
6530
1486
4218
1847
3868
4384
6755
6037
3580
3611
5524
5697
4718
4924
7221
3594
978
3750
5918
2885
6048
3105
102
4848
2054
6427
870
2258
5438
4288
6278
592
764
4444
5437
6679
3823
1519
2482
1971
5988
6374
6792
3624
2679
7367
5077
411
6886
4659
5026
1223
3158
1670
4751
3305
4119
5095
7300
3172
2545
379
3320
580
3539
503
5748
6887
3917
6753
6787
3286
3420
272
6111
6462
4828
4856
6534
2571
2103
1648
1589
2541
6362
5859
5006
3247
5932
3392
729
5589
2020
4703
4721
3151
1876
2695
6318
2574
266
59
4869
381
4159
3554
2921
4158
573
1507
2782
2703
2526
5551
3930
2009
3025
2582
630
5866
1934
6806
4138
6693
5780
501
2780
3367
1793
5659
4207
4187
5586
1100
6347
2973
4315
5235
4722
855
7073
2498
687
4284
4316
759
2877
128
4124
3331
5409
1040
1434
295
1757
7177
2724
1544
2712
3144
3870
3120
2715
3518
3525
518
494
6094
5568
5973
6532
1238
4367
5927
1368
3076
7458
6197
7480
4215
3192
1348
7447
4559
3216
6132
516
2837
4979
848
1683
1111
6773
1585
408
7062
4296
4514
4538
5946
5344
3431
5598
4420
5507
4401
3179
1475
816
6451
7204
1289
5390
4307
6007
5520
1883
1138
3324
6146
3677
6976
7090
4789
825
2701
1432
7157
2916
5889
6104
7312
2643
6067
1654
6730
5826
584
3503
123
4377
1714
5678
305
6243
3703
1245
4120
1709
903
4864
3878
3788
3161
313
2451
6549
1329
228
3256
1381
7264
5591
5583
7234
4424
1773
3547
2539
4088
2730
2853
1524
4930
7241
4782
7366
3987
2217
3409
2199
6608
6687
6255
1506
387
1911
852
3988
2652
7093
3659
3463
6506
1607
1110
4769
5471
4038
6906
3879
890
5696
1840
2371
2676
5702
1173
1443
5610
109
2490
3406
1708
7268
4416
2013
1435
2523
3669
5450
6716
4453
2381
5658
2351
1237
1067
4172
20
4648
1536
1926
4271
3884
2098
1056
2117
5451
6125
3875
400
2014
2610
486
5079
3982
725
4389
3981
5347
6933
3007
2097
6273
4668
3864
7075
2690
6557
521
3438
6459
4277
1260
4991
3097
301
2702
6518
880
6043
2170
1073
6297
4915
145
5596
3997
5784
6847
868
7109
3069
7065
4030
4543
1094
4017
6461
2924
3215
7431
3615
4617
1731
4312
6607
4225
4861
6656
4817
468
1107
3307
6272
3775
1706
3855
7079
1117
3780
6959
1933
1895
1964
3827
6636
5035
5442
4623
2729
4405
5900
3968
2636
5958
1268
7207
5164
2953
161
4704
2525
737
798
2607
2952
4601
7290
4908
2825
773
1463
216
5970
4068
2773
5536
7058
1819
2673
5756
396
1187
5838
1477
1201
2349
4717
1445
314
3170
2382
1134
3223
3943
7192
5011
2677
5142
5500
2417
519
4427
5929
6541
3140
3387
2964
3248
7477
5992
6315
7081
324
1896
3742
1466
4235
5978
2252
4435
5476
6187
5607
2776
5898
5689
2752
985
6764
2817
2268
947
1422
4236
4043
1428
5232
5839
1216
5434
5685
916
579
5436
2164
178
3654
1281
1021
3176
1765
1287
2950
5787
3771
2768
4154
2203
1763
6883
2650
167
5308
2452
358
2501
7377
382
3620
7444
7168
990
1253
5995
5245
660
2303
3595
3050
7353
6949
6700
3663
5547
6469
1132
2441
6344
1671
989
1738
120
6736
4143
4176
3992
716
4954
7402
1283
525
1741
6497
1975
7113
4353
3977
1992
4171
6955
2143
1858
157
7487
6638
2609
4580
4780
4179
4251
6995
3317
6613
5673
5896
7500
3479
5475
2819
5174
6190
5783
4489
5996
6292
5200
1528
4596
1666
2269
6722
3293
4786
1547
4311
66
6143
874
6758
3347
5791
3468
4458
2455
6494
3550
1001
770
1705
3596
7385
711
7068
4037
1496
6426
4899
4264
6483
5726
2527
1086
1479
4588
3407
5250
3511
627
6833
5365
6025
3351
5747
2786
4495
765
4689
5058
4854
2542
4765
2327
1908
3334
54
5074
7397
1420
3443
4127
801
6301
223
254
1981
1795
4650
2812
7071
3813
1854
6031
3738
5433
5699
6473
768
2662
2954
3376
3542
1893
5338
3964
4966
4773
3138
117
672
6855
6605
976
951
4005
2247
1857
5191
6495
453
3346
1350
4687
3467
2353
3781
6381
1162
3847
5691
2634
492
3783
4540
2080
284
1165
6831
2789
7462
3178
2182
5205
5056
1533
2094
7193
5053
6623
953
873
2754
4657
368
4070
3398
2317
826
632
6629
1781
3332
3073
2110
4100
1425
1837
4609
5352
2144
6341
7164
5503
6088
4191
6356
2552
5448
3618
287
1146
3678
3610
3713
4734
5729
6807
4301
1664
5847
3037
6193
2379
2195
174
847
1543
1636
6899
5072
1549
4327
4665
5064
4504
1998
3001
2307
6480
5736
6672
22
7499
6829
2387
4955
5831
2955
4394
2618
6880
132
6682
5959
2494
601
6734
3727
4491
4499
1325
6012
5258
47
924
6799
1046
7239
6539
4855
2516
746
4400
7270
4436
4961
5982
973
6815
7016
2784
6186
1874
3514
4272
4942
4091
1796
4775
3694
6171
1109
3085
230
7391
6874
1181
717
3723
6845
3586
5804
2385
4036
1672
3761
7165
958
1737
2799
6441
6456
1243
1855
1338
850
6240
5283
34
5592
4265
11
1081
1465
4554
1038
6303
171
1375
656
702
6978
1638
6505
5465
4735
621
5571
1813
7167
5106
7050
461
1717
3240
4104
7080
6943
177
7102
2649
5820
7261
5944
5951
4564
5623
1681
2331
264
4217
217
2858
4024
3275
6893
5979
3444
2796
3134
558
95
5732
3264
3361
6821
158
2934
6783
546
1727
1153
2211
4542
509
780
937
925
5753
1419
2177
5472
2583
2655
6363
865
5252
6774
6345
697
5305
337
2641
2728
4463
1311
7305
2672
3352
5991
2443
106
6599
4521
7127
2512
4825
5609
7468
2328
7162
2630
4802
5669
2074
3012
6079
7285
6010
6467
39
5444
2744
4415
5504
7187
5987
3909
1249
5278
3531
2370
3399
2546
875
1305
6822
2197
6706
6144
4199
5934
6402
5698
149
4881
7100
793
5849
2597
7202
5202
4990
5430
4496
7420
4857
4469
917
391
2319
6333
739
1323
821
7183
2687
4962
3867
2590
5045
2569
1663
891
6595
1151
6118
5752
154
4195
241
4727
4958
7091
232
2344
4437
245
33
7197
5803
6260
2071
6245
4332
4918
695
893
464
141
631
6841
4995
75
3279
4051
2241
2052
2519
1229
1561
5810
4182
3009
1222
1471
5134
754
1095
7351
317
3432
4007
5089
7035
3257
5709
3212
4615
3369
887
196
3464
4241
6204
4230
4803
1669
3053
819
6803
4800
7074
4388
1007
5858
5657
4978
1679
4181
1888
6772
1800
347
1834
679
432
4232
481
5143
2332
6767
3622
2406
1812
2340
1124
7054
4067
4375
6340
5861
5528
7325
1155
4614
564
6751
1493
5420
5247
3896
2151
6246
1632
3058
6116
2537
1591
35
721
4166
961
3967
5566
1691
3316
3260
5505
3383
6080
6977
4695
5901
31
6275
2958
5645
680
3568
7299
5467
4827
5553
3898
4895
1083
7442
3598
7085
91
7134
3032
5330
3629
4248
6975
7317
4052
3405
6229
5292
70
1296
1019
192
6163
4103
5644
3627
4843
2968
2901
1942
3122
778
3100
4597
1087
56
5897
6967
3874
7453
1054
2267
6702
4688
3733
2246
6011
1154
6230
987
5259
2238
2534
2392
4064
5890
4794
896
4764
7466
3600
193
6496
4933
3810
3429
3708
4572
5332
3515
101
6386
4276
6216
2637
4566
5581
3862
1220
4582
7440
3430
5001
3572
5715
7350
4266
5419
5801
6843
4485
1643
1027
4137
3226
5417
7328
5906
714
3220
3614
7052
255
2833
4275
420
6155
1047
1362
777
3779
1724
4501
5802
7289
6040
1299
4608
6594
6227
7083
4509
3061
7272
533
2294
669
3895
4021
5249
837
6437
1064
7455
5462
5317
7084
5976
1918
3029
1010
2723
3306
6622
606
3538
2028
2966
1006
68
2554
5048
4077
3927
6646
5532
2511
2584
4412
7125
4477
1389
7438
4219
7226
139
5401
1722
5762
4702
2175
2300
6739
1167
281
5382
4680
2491
2872
1580
752
5535
3489
5735
2152
3749
2710
4985
2553
7252
4385
3493
4656
4406
2658
170
5743
4355
1295
4254
972
648
2978
5968
6794
1227
5904
3106
378
1221
2145
613
2029
4484
4183
7393
30
838
6020
4613
5439
6365
87
3705
4981
1059
792
5396
4269
5269
6733
3520
2058
7262
1826
3389
1103
7349
5517
1291
2141
2393
5668
3364
6740
1345
6202
5039
901
4871
306
6442
927
4733
4662
4865
3533
5387
5291
667
355
2961
5681
1605
6661
3938
1084
3164
438
7012
4606
2384
3190
5446
2962
5055
3885
1029
5824
3319
1794
4461
7220
1928
6110
7133
3229
2941
3523
7383
5865
361
4261
4691
4730
2749
6615
2591
6329
1209
5514
1437
1759
1346
6925
3883
1622
336
2280
5545
724
2467
4112
2785
1096
2943
6891
4148
5841
6511
3585
2250
4227
2218
1370
1452
2737
3221
6990
312
4571
335
1079
6184
4872
4374
939
2367
1390
5651
810
4
1511
2866
5511
6114
6360
1089
4913
5007
7315
5027
7178
6515
1996
3249
4334
5398
2192
727
834
2100
3752
6669
2813
6177
1849
293
4833
5597
4013
6082
5863
2147
80
2229
2348
3648
1505
7021
997
5873
483
6640
1553
7364
4084
5711
851
4330
6747
6898
3989
7013
4931
6052
6440
3688
3915
6338
4142
1340
5121
4228
407
7311
4719
5876
1460
5879
6492
5776
7179
1864
7259
1141
4562
3126
2932
5498
4209
1092
1118
7403
5061
5201
585
1538
574
681
5683
5585
7163
3906
3581
2761
5333
5038
6293
7269
2045
4240
5936
4906
5225
5302
1450
3784
4607
3046
733
1020
659
3439
4445
2125
4457
426
7467
1542
7359
7159
3998
6265
7107
6660
895
1088
3712
7147
5843
599
259
3606
7061
5066
2557
5018
908
2178
5720
3235
3590
1761
1215
2128
4423
637
10
5548
2069
7273
7217
3356
2606
1647
2159
482
1620
3721
4309
3460
3646
5097
4651
555
4320
6681
4373
945
1863
7460
1322
7224
2088
762
220
5667
5531
3425
4686
7309
4450
2923
2722
4156
1560
6269
889
5616
4970
6211
7451
1483
4649
1123
7435
349
1204
3183
862
2874
4826
1974
5496
4805
1984
3401
1298
2811
2683
1845
6472
3082
4049
5915
4515
399
6856
6256
1031
3696
1068
5994
4897
3210
5005
5123
3471
3638
152
664
7478
1522
7249
2898
5684
1195
1831
5703
4994
2395
5478
3649
6573
3241
5833
5185
7223
2626
4700
3236
803
5812
380
1645
1956
3693
3230
974
6655
641
2990
6892
2942
4116
5161
2824
2860
2568
4784
5628
3873
2936
3984
449
1131
3167
5835
5785
4655
5542
595
48
235
5882
4795
5795
2685
511
1464
514
7232
2140
6487
4476
5947
3049
2808
1509
86
371
4919
2572
6298
1680
6695
2882
3546
1045
2161
685
1272
5042
3284
4544
5629
1139
4698
1093
4797
7493
1347
6336
1523
7216
4399
1889
5674
6956
3359
3701
3402
6447
7294
4960
6006
3886
477
2805
3910
1844
2575
7203
3577
2803
3034
2172
6552
1354
4770
4167
5136
4602
4561
561
7254
2453
7208
2600
164
2578
6729
7427
7059
5497
3774
5094
736
2039
4523
809
7302
2174
2520
4801
3958
970
469
2070
1610
3760
1804
5113
2106
1210
6117
5794
988
5306
844
1481
2992
6266
297
89
7210
3561
1613
6169
802
6476
4304
3802
1378
3762
4035
1182
6624
6353
3014
1512
77
2449
5327
3668
3913
1376
6584
6466
3090
473
1431
1676
3728
4349
2483
5389
6129
7122
5196
7483
3889
3261
1575
2214
5273
841
517
1910
6018
6407
5370
114
1915
2244
2139
2273
3804
4594
612
3759
818
2909
554
1710
5563
2762
5885
5974
2230
791
5276
2044
942
4118
3583
904
2919
1271
3040
6698
5399
3358
5793
6543
2357
3869
5461
2691
2411
3835
2414
258
756
2997
5693
6616
6248
3462
465
500
4992
5746
3645
6457
2645
5199
239
2893
6662
467
4724
4411
653
1352
5410
5188
5870
6453
5912
4135
981
7152
589
7449
2708
1393
2305
5458
5453
2075
5179
3650
828
4224
7398
5508
6173
2704
2915
5626
6423
4053
1373
7235
6944
723
4126
3017
3657
4336
2480
1949
4741
7476
2146
6488
2771
7352
7363
4074
4348
3555
6369
5319
6375
3999
1841
6980
4041
4587
5818
6789
6951
26
1053
37
5266
1179
5071
4050
4421
2989
363
17
3563
5712
4747
3366
6066
860
6154
7121
7428
4640
4898
234
1618
2499
160
755
5666
4605
6777
1326
5173
7463
4905
2733
1659
6368
6015
6212
5955
5103
796
5606
1119
3545
6120
767
6419
7196
7479
6637
6131
820
3083
3724
6194
3692
6531
4080
5489
5463
673
1985
7139
1200
3490
1309
1751
5952
5460
3903
99
4352
609
3660
4525
969
3426
5195
549
7057
3371
1685
7140
6785
1224
7046
2531
5239
2404
4189
4342
2285
682
910
135
5506
5816
2974
4891
3882
5331
286
4652
1702
3445
6699
5354
2284
1973
1612
6568
498
3923
2259
3079
2104
6965
3961
2928
3929
4832
5969
2588
1012
6958
6085
718
415
5447
5550
956
3521
471
1164
2225
2564
2736
5316
6152
4696
6449
3844
1907
6927
7032
7283
5822
607
4711
1661
6205
6325
4206
7411
902
2454
6366
2770
1208
2746
122
4449
1279
1418
800
452
6952
4781
967
1868
5190
5529
2222
6861
5840
5057
6452
869
5799
2982
7201
4279
980
7265
6870
1232
1621
1746
5686
4263
4371
5925
4517
5193
699
2842
7130
930
4185
4419
383
7014
7373
6879
5166
7185
6499
1716
6039
4366
7390
2126
6355
3793
1412
4618
3524
6632
4799
5314
5065
2937
84
6450
3132
1498
2156
2508
148
4579
1115
319
814
2631
3510
582
3422
1085
7413
3175
5194
6835
3103
3605
5403
1278
1674
1178
1384
5473
3673
6999
5983
6337
2794
6986
4072
3375
3477
2907
1013
3776
740
315
1611
6408
1263
3322
3684
6033
6304
1262
1478
6242
2460
3048
397
2891
3104
175
620
5891
7470
2908
6247
3872
4295
4338
6189
5630
524
2017
4565
2851
4761
7101
1277
3197
4259
6174
4498
3811
4073
6596
6250
5997
3632
7459
1388
7287
1823
4892
6165
4750
7474
3707
4777
3388
1668
1002
1288
7182
5318
811
2700
5515
4558
2078
6765
6528
4274
2429
3452
2981
5773
1653
1534
6652
3702
6383
144
5369
3664
5300
6756
7010
4593
2166
3446
392
4807
1595
456
4890
212
5662
6513
6493
4624
2034
5109
6228
2040
6295
6909
3818
1604
5325
1529
2688
63
3217
2766
6103
7298
4690
7198
3486
6176
2698
5635
7008
1960
6140
6671
6926
7316
744
4568
1885
7307
1472
7025
5846
2791
3899
715
3641
294
1377
3252
1276
1009
1433
4923
3795
5041
899
5015
6108
2912
5845
6634
4391
6185
2468
3417
6837
4162
4681
3837
2213
6586
5638
4760
6724
436
5883
502
1343
3820
5871
3390
5209
4586
1965
6578
6062
4867
395
2707
3109
1494
36
3152
3670
6610
2076
5132
1474
1725
678
5848
4083
3313
4257
5257
2079
4178
131
2339
1126
3612
9
4200
2274
4863
7126
831
1634
2408
1196
710
4683
7292
2663
2940
4584
4939
4642
4999
1470
3013
7005
7456
5853
4132
1754
2758
540
2433
2400
7414
4291
41
3907
74
6201
2427
6313
3180
1853
5321
3556
2910
5298
6226
7374
5625
5049
6218
782
2299
2488
1518
2430
4511
4441
1623
4573
265
5546
615
5733
3908
5324
4813
1909
5069
1342
4666
3071
5184
1510
913
6384
1188
2432
5519
3280
6023
2421
4234
5388
1871
348
5251
320
5778
799
5926
6059
7215
3824
6838
1161
2856
4292
4482
2015
2067
2689
487
1415
3184
6859
709
576
1734
3075
318
4811
4140
1144
2346
3592
839
4530
5034
5293
5088
7247
6542
6434
4346
1517
6076
2484
3201
231
7400
1687
5998
5092
316
964
3571
1356
1902
1439
763
2053
7267
6017
5479
4625
3815
5227
5985
4520
2318
3149
1772
6180
2745
4047
3686
5214
52
6106
4858
5208
7486
6609
5392
341
3455
5351
51
2579
5742
6026
2308
4270
3940
6096
587
5781
6805
1005
3564
2186
1030
4900
1358
2185
6617
3333
933
7424
4836
2684
5774
2869
5148
7279
1258
6744
912
941
867
451
2946
3231
5556
749
375
5809
6038
4480
5357
2709
898
2956
7088
2389
846
4585
5482
955
4713
2311
2082
6988
5206
4430
2775
5337
6259
1077
4549
644
730
4570
