100
11  111111
239  240
2900  2950
480  400
5100  40000
70000  71000
790000  7800
999999  999
67887  2444
3344 3243
434444  4444
4  441441
323213 55656
54335  43443
7555 88999 
5556  7775
55444  446
6666  775565
35353 86
239 241
777643 9887
44333  44565
755 98769
35352 87
44544 335553
545435 35533
333353  33553 
35353 333 
999 8777
667676 5444
4364 64444
765554 98766
444325 53564
353544 76554
5322 222442
424422 24544
57544 43332
54322 254222 
222 242665
53333 32653
45434 111131
44321 411131
3111 313111
75333 325322
324222 54222
42222 222422
422422 242254
242544 254242
633353 53533
53322 224244
222 222242
64535 25222
532222 42522
75444  535353
6555 353353
55332 676543
22442 2444
54222 25655
75433 3353
45332 224242
355755 53422
537555 35422
535335 3333
75444 33353
64333 33535
35353  353353
988786  321533
3353 333775
353355 53353
664644 44644 
444 465444
665333 35375
64533 535353
75533 353432
33443 432422
5333 253535
535353 35322 
422244 426755
75543 32353
533653 655353
33367 535333
653553 353222
22214 422676
532535 535353
65533 325355
64533 335533
653333 265544
533333 32265
543354 35611
143324 53322
432424 242255
635332 432532
224242 53255
53353 42245
63533 232522
53222 254224
224422 42242
244242 4254
534224 42152
532424 92242
5533 442422
224254 25217